2,3,4,5,6,7,8,9,10,11,12,13,14,15,
64,192,2672,14048,105488,612128,3722204,20598912,114096128,587105984,2993889552,14425376480,67838902608,305537793440,
64,192,2672,14048,105488,612128,3722204,20598912,114096128,587105984,2993889552,14425376480,67838902608,305537793440,
64,192,2672,14048,105488,612128,3722204,20598912,114096128,587105984,2993889552,14425376480,67838902608,305537793440,
64,192,2672,14048,105488,612128,3722204,20598912,114096128,587105984,2993889552,14425376480,67838902608,305537793440,
64,192,2672,14048,105488,612128,3722204,20598912,114096128,587105984,2993889552,14425376480,67838902608,305537793440,
64,192,2672,14048,105488,612128,3722204,20598912,114096128,587105984,2993889552,14425376480,67838902608,305537793440,
64,192,2672,14048,105488,612128,3722204,20598912,114096128,587105984,2993889552,14425376480,67838902608,305537793440,
64,192,2672,14048,105488,612128,3722204,20598912,114096128,587105984,2993889552,14425376480,67838902608,305537793440,
64,192,2672,14048,105488,612128,3722204,20598912,114096128,587105984,2993889552,14425376480,67838902608,305537793440,
64,192,2672,14048,105488,612128,3722204,20598912,114096128,587105984,2993889552,14425376480,67838902608,305537793440,
