12,13,14,15,16,17,18,19,20,21,22,23,24,25,26,27,28,29,30,31,32,
296,5282,38391,164344,501775,1248770,2878242,6526117,14694218,33839260,82744199,208177891,539131725,1429018048,3802767847,10071248800,26401174507,67909443459,172241094454,432997982926,1081722915833,
160,4504,37194,160556,491514,1284144,2971273,6711233,15084636,34324432,82059982,205768966,537677259,1423756392,3791068927,10080687837,26485025003,68289616873,173445921467,436437553292,1091651532428,
200,4832,36810,161238,501895,1247313,2911247,6691031,14844497,33859221,82041455,204475555,531631660,1413401438,3773265699,10045469552,26344056559,67650330472,171263983680,429643401454,1072443769843,
188,5054,38107,160140,497524,1280160,2967549,6723248,15099119,34405317,82551637,207864106,544220869,1449830867,3871157746,10287033578,26998460151,69398938197,175953153193,442647670211,1105937948298,
114,4675,39656,169266,498010,1221443,2805510,6484434,14722128,33639904,83811087,212210367,542365240,1434718703,3795140535,9976177513,26137046062,67384834693,171329041974,431916835680,1080332930505,
86,4298,38226,168172,501143,1216817,2802435,6517111,14629298,33377034,83138756,209690187,536454502,1416001526,3767089953,9967321740,26100540357,67215796793,170527613167,428514488142,1070447571035,
112,3781,37908,170968,491892,1234797,2926671,6618479,14832582,34519157,82467645,204007656,531292835,1398215361,3731763167,10009723538,26394561387,68260224802,173522522270,435096075281,1085496218895,
230,5582,39865,161874,505881,1280081,2858437,6673377,14951163,34789682,84639164,213112974,556832982,1478583258,3920426200,10452277434,27483706140,70853751245,179989118925,452040578717,1127048373100,
180,4744,37110,161022,496434,1263004,2966302,6736633,14967155,34166613,82102934,204288956,531906174,1414960026,3778166935,10064621417,26456906628,68062507877,172545463256,433534217462,1083246565593,
234,5124,39384,162912,502565,1288548,2894676,6706594,15427807,34954003,84876446,210321252,548620605,1450191343,3868854398,10347910664,27394536494,70782903544,180166833631,452409918222,1126350221933,
