8,9,10,11,12,13,14,15,16,17,18,19,20,21,22,23,24,25,26,27,28,29,30,31,32,
505,5594,24054,64562,133919,269212,532273,1068922,3231691,12159568,43345109,138332592,396138833,1029982059,2461646214,5687228054,13334763769,32567560555,80449281054,201612466093,504216614996,1240298505771,3017790695300,7410930703381,18612141750617,
505,5594,24054,64562,133924,269280,532570,1070027,3239739,12188925,43400654,138519619,396657396,1030959093,2464203034,5693662782,13353728411,32621690290,80588451301,202000220784,505251318141,1242926695339,3024978449355,7431362966441,18670317646443,
506,5602,24057,64554,134079,268494,532519,1070184,3226104,12160322,43300890,138079944,395450394,1027784316,2458797401,5689350313,13347236594,32605637958,80468010675,201412352744,503729764538,1240114354569,3021293423436,7428452639761,18664060867406,
505,5594,24054,64562,133924,269280,532570,1070027,3239739,12188853,43399598,138515843,396666932,1031031093,2464227623,5693186708,13352963000,32621985939,80589052644,202001842478,505268463237,1242967396514,3024964478368,7431103896865,18669968752118,
506,5602,24057,64554,134079,268494,532519,1070184,3226104,12160322,43300890,138079944,395450394,1027784316,2458797401,5689350317,13347236572,32605636963,80468006545,201412381740,503730002736,1240114120209,3021285735141,7428430687038,18664104330460,
505,5594,24054,64562,133919,269212,532273,1068922,3231691,12159496,43344053,138328816,396148369,1030054060,2461670831,5686752271,13333999404,32567853218,80449851829,201614068261,504234132117,1240339482010,3017768384234,7410643951365,18611833187719,
547,5592,23895,64704,133270,268734,533023,1085298,3277859,12450909,43987790,139542166,397765075,1029866643,2455257503,5689348029,13408132200,32802306281,81143969146,203531549968,508436414664,1250914070246,3047306806255,7496143338956,18876475645468,
547,5592,23895,64704,133275,268802,533295,1086018,3284029,12477353,44039791,139710812,398301587,1030975351,2457606482,5694028233,13419058776,32828492829,81210497550,203755288380,509135520346,1252970208715,3053531351061,7514758236033,18932150158976,
518,5642,23921,64394,134071,269150,531935,1077226,3268406,12285704,43527476,138470772,394951100,1025883109,2456511539,5695348330,13386631174,32756647806,80879549256,202259605363,505285506413,1243185024680,3029421532554,7456124162876,18756878555437,
547,5592,23895,64704,133275,268802,533295,1086786,3285565,12465065,44026575,139756900,398351971,1031041959,2457448903,5694310149,13418335828,32823784128,81212607367,203750577293,509141328669,1253106512240,3053828552803,7515057854625,18931578890935,
518,5642,23921,64394,134071,269150,531935,1077226,3268406,12285704,43527476,138470772,394951100,1025883109,2456511539,5695348330,13386631325,32756649978,80879555436,202259559272,505285099412,1243183112896,3029415317075,7456124528308,18756965256882,
547,5592,23895,64704,133270,268734,533023,1086066,3279395,12438621,43974574,139588254,397815459,1029933251,2455099924,5689629933,13407409019,32797594896,81146056149,203526737667,508442125310,1251050407332,3047599137081,7496429772800,18875981915843,
547,5592,23895,64704,133270,268722,532833,1084012,3273295,12448043,44024902,139651788,397861451,1029404856,2452714024,5684349989,13405675871,32814955824,81193076850,203625332742,508440227791,1250289549014,3045048274217,7491587856484,18870954667045,
546,5584,23892,64712,133113,269532,532992,1081657,3278178,12483606,44126326,139912874,398756711,1032535977,2455762602,5680450088,13402384831,32802648318,81143664019,203670669584,508422507468,1249058404917,3040302949533,7475517410638,18822656534705,
517,5634,23918,64402,133911,269856,531507,1074828,3270417,12284534,43609247,138827650,395722249,1027567774,2456820988,5688760376,13373889219,32736134088,80916022141,202556353111,505793603751,1242864003590,3024150069361,7435682738562,18704069688454,
546,5584,23892,64712,133113,269532,532992,1082425,3279714,12471390,44114166,139962738,398797559,1032530584,2455580406,5681207853,13402427847,32797665492,81145321491,203664737979,508411396359,1249154294900,3040615398890,7476062508453,18822410594366,
517,5634,23918,64402,133911,269856,531507,1074828,3270417,12284534,43609247,138827434,395720377,1027571134,2456866284,5688723805,13373481750,32736179244,80917018513,202553414402,505788986824,1242869044032,3024177783103,7435886299497,18704706330068,
547,5592,23895,64704,133270,268722,532833,1084780,3274831,12435827,44012742,139701436,397900427,1029402820,2452577040,5685070250,13405306221,32809999295,81195652376,203616176600,508424017840,1250389627565,3045387786921,7492356993994,18871402844188,
547,5592,23895,64704,133275,268790,533108,1084783,3279697,12474142,44072659,139818297,398429825,1030580844,2455077560,5688919505,13416287522,32840605533,81258811391,203849547696,509157252870,1252424097163,3051435924220,7510325173759,18926494510373,
546,5584,23892,64712,133113,269532,532992,1081657,3278178,12483608,44126382,139913516,398760591,1032549119,2455785506,5680456734,13402353589,32802734940,81144219983,203672311911,508427591115,1249070798496,3040323190133,7475545224088,18822738683356,
517,5634,23918,64402,133916,269924,531799,1075826,3277589,12310520,43659310,139018924,396291818,1028681169,2459443187,5694671203,13390423289,32784338511,81046607397,202939664440,506837040270,1245511447039,3031211514233,7455100892228,18758687926188,
546,5584,23892,64712,133113,269532,532992,1082425,3279714,12471392,44114222,139963380,398801439,1032543726,2455603310,5681214495,13402396778,32797755121,81145883763,203666252201,508415552174,1249165286803,3040643499740,7476122029436,18822498429601,
517,5634,23918,64402,133916,269924,531799,1075826,3277589,12310520,43659310,139018708,396289946,1028684529,2459488483,5694634632,13390015686,32784382143,81047605615,202936817060,506832957946,1245518546467,3031245064972,7455301996036,18759238349251,
547,5592,23895,64704,133275,268790,533108,1085551,3281233,12461926,44060499,139867945,398468801,1030578811,2454940660,5689640635,13415921541,32835650516,81261356815,203840331097,509140929191,1252524279125,3051783139076,7511114623578,18926866168303,
489,5584,24143,64284,134416,269656,529257,1058254,3203200,12076985,43254871,138495234,396683922,1030714472,2460247730,5674042030,13276501414,32389759451,80035417660,200700210726,502002519437,1233832989688,2994740600803,7326185496433,18327755661252,
489,5584,24143,64284,134421,269724,529554,1059359,3211248,12106343,43310428,138682169,397199949,1031671366,2462717212,5680222802,13294924770,32443363686,80174788588,201083060627,503011433177,1236378435838,3001658103340,7345833439794,18384081096158,
490,5592,24146,64276,134576,268902,529312,1059848,3197980,12077377,43232854,138228261,396009570,1028762704,2457339935,5674639884,13285378195,32427091304,80075993854,200544933364,501600384337,1233570651684,2997265621330,7342214542055,18379259290937,
489,5584,24143,64284,134421,269724,529554,1059359,3211248,12106307,43309756,138678457,397200813,1031734246,2462819760,5679853772,13293854589,32443356894,80175888277,201082950643,503024936980,1236428495093,3001684586106,7345614024307,18383566374071,
490,5592,24146,64276,134576,268902,529312,1059848,3197980,12077377,43232854,138228261,396009570,1028762704,2457339935,5674639887,13285378217,32427090941,80075990766,200544951083,501600595992,1233570540064,2997258687439,7342193581278,18379294311180,
489,5584,24143,64284,134416,269656,529257,1058254,3203200,12076949,43254199,138491522,396684786,1030777354,2460350326,5673673401,13275432163,32389747466,80036485560,200700096743,502016393390,1233883257500,2994759322041,7325941096527,18327276002327,
552,5572,23861,64574,133554,269160,530845,1081915,3248882,12386288,43862084,139668803,398317179,1030404737,2454000849,5677597881,13354403218,32638345539,80781853082,202780188163,506575854382,1245376431846,3027264030630,7420091650714,18615168453962,
552,5572,23861,64574,133559,269228,531117,1082635,3255052,12412732,43914065,139836958,398848522,1031481184,2456211365,5681825588,13364039100,32661704840,80845492170,202997969261,507250844375,1247350967931,3033159811302,7437596464634,18668149164994,
508,5652,23942,64036,134572,269994,528844,1069630,3248538,12208200,43437604,138674472,395412600,1026683043,2455278703,5683211490,13331780394,32602469239,80550655821,201502119285,503400541898,1237238532851,3006929540231,7374734954184,18486241762283,
552,5572,23861,64574,133559,269228,531117,1083787,3257356,12394300,43894241,139906090,398924098,1031581096,2455975009,5682248636,13362957173,32654676642,80848866035,202990982844,507255850188,1247541571534,3033580975015,7437988947684,18667109909136,
508,5652,23942,64036,134572,269994,528844,1069630,3248538,12208200,43437604,138674472,395412600,1026683043,2455278703,5683211490,13331780538,32602471378,80550663141,201502088791,503400236092,1237237032285,3006923772576,7374730288161,18486308574332,
552,5572,23861,64574,133554,269160,530845,1083067,3251186,12367856,43842260,139737935,398392755,1030504649,2453764493,5678020890,13353320438,32631309640,80785190760,202773130457,506580999440,1245567567137,3027680935467,7420468734382,18614188483206,
552,5572,23861,64574,133554,269154,530710,1080705,3244104,12383648,43898116,139762060,398399516,1030089158,2451853281,5672677818,13350342917,32647836710,80827967889,202868798084,506611568268,1244849506242,3025056349718,7415768000712,18609558533731,
551,5564,23858,64582,133397,269970,530919,1078326,3248658,12420163,43994008,140034701,399305864,1033108710,2454996203,5669163682,13346187465,32632341014,80771762157,202920440634,506625017239,1243606862838,3020164611328,7398670600687,18558582226126,
507,5644,23939,64044,134412,270742,528662,1066968,3249912,12207618,43496451,139029847,396156701,1028269794,2456036842,5678206534,13321070638,32579639098,80562225014,201750395741,503864404228,1237108875636,3002690783393,7355982513848,18433656611740,
551,5564,23858,64582,133397,269970,530919,1079478,3250962,12401767,43974856,140107545,399380576,1033145740,2454657251,5669955426,13346176489,32625344546,80774189602,202913935573,506616691131,1243747866091,3020560774766,7399267282433,18558033715073,
507,5644,23939,64044,134412,270742,528662,1066968,3249912,12207618,43496451,139029523,396153893,1028274834,2456104802,5678152299,13320469128,32579780950,80564020898,201746848382,503860072550,1237119153595,3002699772563,7356111999005,18434254531732,
552,5572,23861,64574,133554,269154,530710,1081857,3246408,12365252,43878964,139834580,398471420,1030131222,2451582145,5673414025,13349724929,32640965968,80832108406,202858425194,506598495317,1245000118391,3025460528852,7416514796588,18609669265989,
552,5572,23861,64574,133559,269222,530985,1081476,3250506,12409746,43945835,139927987,398962793,1031234004,2454075183,5676777899,13359691378,32670699335,80890496098,203087134298,507306716026,1246901471611,3031096775351,7433385155370,18662494310103,
551,5564,23858,64582,133397,269970,530919,1078326,3248658,12420164,43994040,140035132,399309000,1033121633,2455023339,5669175738,13346149117,32632397561,80772215611,202921731987,506629103378,1243617934782,3020188270604,7398721693560,18558703569223,
507,5644,23939,64044,134417,270810,528954,1067966,3257084,12233604,43546504,139220866,396723474,1029365419,2458582954,5683872782,13337025030,32627141211,80692434908,202127616983,504879201222,1239666288159,3009478204137,7374666837310,18486600140330,
551,5564,23858,64582,133397,269970,530919,1079478,3250962,12401768,43974888,140107976,399383712,1033158663,2454684387,5669967479,13346138263,32625403435,80774649468,202915125856,506619978648,1243757828162,3020591961499,7399343911555,18558149327962,
507,5644,23939,64044,134417,270810,528954,1067966,3257084,12233604,43546504,139220542,396720666,1029370459,2458650914,5683818550,13336423447,32627281746,80694229762,202124136504,504875329043,1239678355215,3009492244545,7374797402453,18487133102188,
552,5572,23861,64574,133559,269222,530985,1082628,3252810,12391350,43926683,140000507,399034697,1031276074,2453804191,5677515345,13359077318,32663826674,80894609433,203076747551,507293505376,1247051836061,3031507593210,7434150426842,18662536384653,
511,5590,24008,64662,133833,268696,531395,1064610,3218529,12147756,43435830,138698797,396855546,1031218762,2465060415,5697525381,13365824081,32664256911,80723751934,202282658715,505553375759,1241922882125,3016462470239,7394067389855,18538392673277,
511,5590,24008,64662,133842,268784,531698,1066001,3227099,12175601,43486991,138888824,397363687,1032155590,2467650934,5703983558,13384573938,32718340667,80864561234,202672067667,506592315363,1244592471840,3023798938755,7414921919557,18597543643518,
512,5598,24011,64654,133997,267998,531647,1066158,3213466,12147046,43387501,138449235,396154455,1028970703,2462171001,5699467882,13378714372,32706256320,80748433672,202070957423,505026802235,1241723966413,3020068784187,7411912849527,18591019108215,
511,5590,24008,64662,133842,268784,531698,1066001,3227099,12175529,43485935,138885048,397373223,1032227590,2467675521,5703507460,13383808836,32718643296,80865205527,202673757825,506609184868,1244632074450,3023783283851,7414658178106,18597201571386,
512,5598,24011,64654,133997,267998,531647,1066158,3213466,12147046,43387501,138449235,396154455,1028970703,2462171001,5699467885,13378714335,32706255320,80748430014,202070979537,505026934135,1241723319365,3020061264732,7411894852770,18591060894694,
511,5590,24008,64662,133833,268696,531395,1064610,3218529,12147684,43434774,138695021,396865082,1031290763,2465085030,5697049573,13365060010,32664556551,80724366191,202284323071,505570513145,1241962346460,3016438641648,7393780062150,18538089803155,
553,5588,23849,64804,133184,268218,532145,1080858,3264441,12441018,44073480,139920504,398488794,1031141963,2458877341,5700127469,13441720155,32905661136,81426225504,204201559598,509741839432,1252508637134,3046226739460,7480145567845,18804170299741,
553,5588,23849,64804,133193,268306,532423,1081864,3271133,12465948,44121007,140091130,399009142,1032191397,2461224285,5704729071,13451968930,32930516055,81492166434,204422479519,510437018434,1254592703425,3052540825820,7499024722630,18860433253952,
524,5638,23875,64494,133989,268654,531063,1072944,3255256,12277308,43605999,138841259,395671645,1027013596,2459869623,5705533262,13418717506,32858928246,81159637594,202911991248,506559809768,1244734305225,3028120065092,7439414874697,18682782085542,
553,5588,23849,64804,133193,268306,532423,1082632,3272669,12453660,44107791,140137162,399058934,1032257453,2461074992,5705020190,13451210390,32925797279,81494431319,204417891622,510442031928,1254727172787,3052838177536,7499313170377,18859820686057,
524,5638,23875,64494,133989,268654,531063,1072944,3255256,12277308,43605999,138841259,395671645,1027013596,2459869623,5705533262,13418717657,32858930416,81159644017,202911951292,506559447180,1244732390749,3028112415045,7439409050873,18682862568961,
553,5588,23849,64804,133184,268218,532145,1081626,3265977,12428730,44060264,139966536,398538586,1031208019,2458728048,5700418576,13440961382,32900939626,81428467050,204196873508,509746804052,1252643165041,3046517730362,7480414892511,18803631157774,
553,5588,23849,64804,133184,268206,531955,1079572,3259879,12438202,44111122,140033092,398593914,1030688907,2456296090,5694935311,13438940611,32918266181,81477771424,204303330200,509755262790,1251872627482,3043865908707,7475396182331,18798445877056,
552,5580,23846,64812,133027,269016,532114,1077217,3264762,12473765,44212556,140294058,399484850,1033793043,2459299338,5690991897,13435140434,32903748175,81424158422,204349680752,509749139209,1250644723462,3039113488834,7459329163459,18750049487616,
523,5630,23872,64502,133825,269340,530629,1070260,3256745,12277652,43692410,139198017,396464190,1028757212,2460181037,5698932372,13405262006,32834502802,81192635159,203228366792,507117656511,1244418798338,3022639892064,7418420214731,18629038275272,
552,5580,23846,64812,133027,269016,532114,1077985,3266298,12461549,44200396,140343866,399525106,1033787098,2459125430,5691758889,13435147549,32898748292,81425927952,204343803271,509737506810,1250739879504,3039427780413,7459867658542,18749755176495,
523,5630,23872,64502,133825,269340,530629,1070260,3256745,12277652,43692410,139197801,396462318,1028760572,2460226333,5698895872,13404855754,32834553625,81193623153,203225319163,507113020627,1244424958810,3022668717438,7418614875984,18629647529237,
553,5588,23849,64804,133184,268206,531955,1080340,3261415,12425986,44098962,140082684,398632298,1030686319,2456167394,5695664870,13438536277,32913298256,81480450450,204294117370,509738504894,1251973090623,3044208455587,7476150162302,18798819325308,
553,5588,23849,64804,133193,268294,532236,1080629,3266803,12462785,44154355,140201093,399143930,1031802949,2458676025,5699523221,13449006298,32942140203,81540918621,204521969412,510469970924,1254051201485,3050379127060,7494445399567,18854613065464,
552,5580,23846,64812,133027,269016,532114,1077217,3264762,12473765,44212562,140294212,399486536,1033803609,2459341620,5691096301,13435235247,32903431525,81422892761,204348898079,509756290261,1250671469300,3039168347910,7459422899762,18750170903743,
523,5630,23872,64502,133834,269428,530927,1071544,3264439,12302124,43738039,139391803,397021143,1029827857,2462856537,5704962417,13421684355,32882174345,81322815181,203610339024,508166918893,1247122936759,3029886811573,7438343877475,18684712776304,
552,5580,23846,64812,133027,269016,532114,1077985,3266298,12461549,44200402,140344020,399526792,1033797664,2459167712,5691863290,13435242550,32898434652,81424668370,204342905510,509743880741,1250765633662,3039488896359,7459982957828,18749877742573,
523,5630,23872,64502,133834,269428,530927,1071544,3264439,12302124,43738039,139391587,397019271,1029831217,2462901833,5704925917,13421277969,32882223630,81323804522,203607375565,508162774779,1247131166119,3029922852092,7438542119450,18685242384895,
553,5588,23849,64804,133193,268294,532236,1081397,3268339,12450569,44142195,140250685,399182314,1031800364,2458547413,5700253650,13448605648,32937173801,81543567253,204512704867,510453212550,1254152176094,3050729110036,7495215425541,18854910989417,
495,5580,24097,64384,134330,269140,528395,1054258,3190707,12063311,43349641,138846633,397374256,1031831526,2463113927,5682654626,13304235810,32485196728,80312534431,201376702088,503378581201,1235570818837,2993541788058,7308746738763,18250323848863,
495,5580,24097,64384,134339,269228,528698,1055649,3199277,12091156,43400793,139036421,397879657,1032750229,2465625878,5688866174,13322432417,32538825142,80453935281,201761948485,504393626972,1238164109850,3000621642990,7328816420105,18307471762418,
496,5588,24100,64376,134494,268406,528456,1056138,3185992,12062002,43322981,138585194,396691195,1029800271,2460169109,5683532466,13313963419,32524124973,80354606539,201214568047,502957187089,1235297860681,2996122354391,7325030514174,18302423188350,
495,5580,24097,64384,134339,269228,528698,1055649,3199277,12091120,43400121,139032709,397880521,1032813109,2465728425,5688497128,13321362347,32538822577,80455070235,201761940337,504407017846,1238212985375,3000645505452,7328591508206,18306963730600,
496,5588,24100,64376,134494,268406,528456,1056138,3185992,12062002,43322981,138585194,396691195,1029800271,2460169109,5683532469,13313963446,32524124734,80354604200,201214579601,502957296360,1235297309753,2996115472519,7325014316888,18302460241136,
495,5580,24097,64384,134330,269140,528395,1054258,3190707,12063275,43348969,138842921,397375120,1031894408,2463216522,5682285981,13303166675,32485189098,80313638449,201376684572,503392241301,1235619460587,2993557958345,7308501807912,18249853426326,
558,5568,23815,64674,133468,268644,529983,1077727,3236013,12375654,43950402,140040968,399015757,1031569607,2457203429,5686892635,13384527430,32738054783,81061590096,203450307258,507902180643,1247053094081,3026260906593,7403528512432,18539609129573,
558,5568,23815,64674,133477,268732,530261,1078733,3242705,12400584,43997909,140211106,399530993,1032587085,2459411818,5691036829,13393485812,32760178206,81124838227,203665564158,508574319396,1249055376453,3032239189460,7421275820392,18593088527451,
514,5648,23896,64136,134490,269498,527988,1065536,3235782,12200144,43515582,139033123,396119186,1027638576,2458076670,5692121420,13360907212,32700806714,80827570373,202162418662,504723721990,1238876899477,3005632148127,7357289733198,18408347797183,
558,5568,23815,64674,133477,268732,530261,1079885,3245009,12382152,43978085,140280154,399605681,1032686169,2459187893,5691473739,13392350479,32753125979,81128378736,203658667412,508578507481,1249243636352,3032659113342,7421657362402,18592010633655,
514,5648,23896,64136,134490,269498,527988,1065536,3235782,12200144,43515582,139033123,396119186,1027638576,2458076670,5692121420,13360907358,32700808884,80827577829,202162389187,504723430243,1238875418877,3005625676668,7357280465500,18408403882922,
558,5568,23815,64674,133468,268644,529983,1078879,3238317,12357222,43930578,140110016,399090445,1031668691,2456979504,5687329506,13383391246,32730994790,81065093402,203443337488,507906528766,1247241909723,3026675840647,7403890620873,18538581716438,
558,5568,23815,64674,133468,268638,529848,1076517,3231236,12373043,43986799,140136736,399107670,1031269472,2455027631,5681757958,13380012750,32747595227,81110339167,203545310103,507949782548,1246525928266,3023945994010,7398969177069,18533774167411,
557,5560,23812,64682,133311,269454,530057,1074138,3235796,12409630,44082821,140408235,400008256,1034272943,2458129756,5678059235,13375179110,32730681796,81051301116,203596039323,507968040306,1245285308957,3019082163251,7381924582444,18482619671552,
513,5640,23893,64144,134326,270226,527800,1062588,3236652,12201292,43579437,139385475,396881572,1029320066,2458842450,5686623396,13348896698,32676396679,80840242756,202423657714,505217284307,1238758225604,3001235901462,7338047325941,18354989419513,
557,5560,23812,64682,133311,269454,530057,1075290,3238100,12391234,44063669,140480995,400082080,1034309145,2457803236,5678864857,13375114617,32723657068,81053859836,203589521309,507959008145,1245425158081,3019479714741,7382515752332,18482025712196,
513,5640,23893,64144,134326,270226,527800,1062588,3236652,12201292,43579437,139385151,396878764,1029325106,2458910410,5686569197,13348295844,32676542352,80842040585,202420055259,505212853726,1238769094423,3001246670878,7338171760494,18355553279086,
558,5568,23815,64674,133468,268638,529848,1077669,3233540,12354647,43967647,140209172,399178686,1031310708,2454768927,5682508079,13379341901,32740700034,81114612592,203534866292,507935894101,1246675975624,3024353467288,7399706007964,18533806810383,
558,5568,23815,64674,133477,268726,530129,1077574,3238160,12397626,44030015,140304304,399652849,1032350639,2457257635,5685872734,13388866866,32768897746,81170542550,203757767459,508642137637,1248621619012,3030107537056,7416879245089,18587252257810,
557,5560,23812,64682,133311,269454,530057,1074138,3235796,12409630,44082824,140408324,400009401,1034281348,2458168273,5678168311,13375324188,32730470758,81049915244,203594298748,507973181898,1245310148110,3019139847100,7382041933210,18482794016906,
513,5640,23893,64144,134335,270314,528098,1063872,3244346,12225764,43625056,139579005,397435728,1030373046,2461442796,5692417476,13364807053,32723640576,80970552558,202800070356,506239921940,1241379850455,3008217740361,7357200431129,18408765203059,
557,5560,23812,64682,133311,269454,530057,1075290,3238100,12391234,44063672,140481084,400083225,1034317550,2457841753,5678973930,13375259814,32723448279,81052479763,203587686848,507963467558,1245449346635,3019544170266,7382649275077,18482181573737,
513,5640,23893,64144,134335,270314,528098,1063872,3244346,12225764,43625056,139578681,397432920,1030378086,2461510756,5692363280,13364206124,32723784869,80972348837,202796532984,506235940617,1241392491200,3008234222362,7357330632488,18409275451098,
558,5568,23815,64674,133477,268726,530129,1078726,3240464,12379230,44010863,140376740,399723865,1032391881,2456999075,5686624094,13388199940,32762000522,81174788356,203747318764,508628223191,1248771853123,3030521486681,7417629439374,18587213436178,
511,5602,24017,64652,133935,268440,532022,1061452,3202514,12129288,43352049,138461547,396581417,1030269386,2460280265,5680553036,13318078912,32558141223,80558175134,202114497788,505333696989,1241165291788,3012718119864,7375481443145,18465156847130,
511,5602,24017,64652,133948,268516,532335,1062793,3211128,12156909,43403696,138660084,397107872,1031232699,2462945662,5687310670,13336434101,32608923885,80696196911,202505522867,506362230578,1243794032035,3019905626975,7395682528241,18522272996072,
512,5610,24020,64644,134095,267722,532268,1062714,3196927,12130042,43307862,138209387,395895288,1028072455,2457399406,5682529813,13330308365,32596065245,80576205427,201916194598,504860145900,1240970027834,3016100508313,7392697568461,18516078353501,
511,5602,24017,64652,133948,268516,532335,1062793,3211128,12156837,43402640,138656308,397117408,1031304699,2462970251,5686834556,13335668590,32609226018,80696844790,202507162361,506378998926,1243835380976,3019893773306,7395396904051,18521890580018,
512,5610,24020,64644,134095,267722,532268,1062714,3196927,12130042,43307862,138209387,395895288,1028072455,2457399406,5682529817,13330308407,32596065010,80576202641,201916215434,504860389714,1240969914364,3016092390437,7392673165876,18516123027985,
511,5602,24017,64652,133935,268440,532022,1061452,3202514,12129216,43350993,138457771,396590953,1030341387,2460304882,5680077213,13317314511,32558441130,80558793789,202116109596,505350842466,1241207030403,3012697484879,7375165790233,18464816329581,
553,5600,23858,64794,133286,267962,532756,1077700,3248730,12421429,43992138,139678049,398199321,1030119480,2453859906,5682543319,13390760882,32793152352,81255964097,204032744903,509558886649,1251765071561,3042062343326,7460321844013,18728179591586,
553,5600,23858,64794,133299,268038,533044,1078656,3255466,12446137,44040217,139857821,398740785,1031197471,2456250840,5687387211,13400654633,32815014973,81319948735,204254701804,510237454837,1253790039462,3048176956714,7478426956135,18782417015010,
524,5650,23884,64484,134087,268378,531652,1069500,3239461,12258112,43528480,138604095,395411998,1026134400,2455035632,5688451558,13369799807,32746835729,80986659390,202767758695,506411763611,1244020341411,3024172675384,7420192257845,18608163212052,
553,5600,23858,64794,133299,268038,533044,1079424,3257002,12433849,44026953,139903461,398791409,1031271055,2456090709,5687672535,13399933637,32809938696,81322226804,204250893405,510243602660,1253926606257,3048474408631,7478729005189,18781870149779,
524,5650,23884,64484,134087,268378,531652,1069500,3239461,12258112,43528480,138604095,395411998,1026134400,2455035632,5688451558,13369799894,32746837549,80986673198,202767790616,506411541078,1244017984945,3024163625782,7420188880381,18608259714219,
553,5600,23858,64794,133286,267962,532756,1078468,3250266,12409141,43978874,139723689,398249945,1030193064,2453699775,5682828631,13390039589,32788073039,81258226980,204028913478,509565123095,1251901230067,3042352085356,7460607058871,18727720308369,
553,5600,23858,64794,133286,267950,532566,1076414,3244166,12418563,44029290,139788291,398299537,1029671003,2451335280,5677494309,13388109877,32805342370,81305253135,204131700927,509572270811,1251156852202,3039813962531,7455713363252,18722590869695,
552,5592,23855,64802,133137,268768,532741,1074295,3249615,12452390,44126816,140060899,399202779,1032788981,2454503020,5673995854,13384524930,32790459603,81254286426,204177564655,509554009461,1249945905350,3035138332633,7439667439209,18674029719065,
523,5642,23881,64492,133927,269084,531224,1067102,3241472,12256942,43610259,138961105,396184677,1027831563,2455396020,5681958908,13357112088,32726032755,81024049761,203068019510,506916547059,1243727297426,3019032324473,7400003465032,18556272254783,
552,5592,23855,64802,133137,268768,532741,1075063,3251151,12440174,44114608,140110315,399243867,1032790564,2454318272,5674757067,13384569998,32785102717,81256065782,204172521634,509543641088,1250041471337,3035448915891,7440241557960,18673840077849,
523,5642,23881,64492,133927,269084,531224,1067102,3241472,12256942,43610259,138960889,396182805,1027834923,2455441324,5681922553,13356706971,32726086723,81025030645,203064983777,506912159260,1243732270752,3019055174745,7400194298568,18556876457063,
553,5600,23858,64794,133286,267950,532566,1077182,3245702,12406347,44017082,139837491,398338753,1029675943,2451195752,5678218234,13387744631,32800020593,81307934889,204123332825,509557008452,1251256486925,3040146756478,7456498818491,18723064334599,
553,5600,23858,64794,133299,268026,532857,1077421,3251134,12442926,44073125,139965926,398872863,1030816274,2453740767,5682227387,13397687309,32826658724,81368385420,204353878285,510268356042,1253260456480,3046088185246,7473916551243,18776667388564,
552,5592,23855,64802,133137,268768,532741,1074295,3249615,12452392,44126872,140061541,399206659,1032802123,2454525920,5674002374,13384492150,32790535011,81254777146,204178936426,509558646238,1249958583811,3035155584815,7439671700816,18674085904859,
523,5642,23881,64492,133940,269160,531532,1068336,3249210,12281192,43656424,139163889,396762138,1028931237,2458126792,5688192531,13373035247,32770878625,81153429629,203454421164,507953493592,1246374538881,3026085869929,7419159977143,18609818059412,
552,5592,23855,64802,133137,268768,532741,1075063,3251151,12440176,44114664,140110957,399247747,1032803706,2454341172,5674763583,13384537263,32785180020,81256569094,204173851472,509547529205,1250052185390,3035471601565,7440276038562,18673911112959,
523,5642,23881,64492,133940,269160,531532,1068336,3249210,12281192,43656424,139163673,396760266,1028934597,2458172096,5688156176,13372630060,32770931421,81154404731,203451398748,507949456056,1246382018371,3026117404369,7419352089664,18610326020103,
553,5600,23858,64794,133299,268026,532857,1078189,3252670,12430710,44060917,140015126,398912079,1030821217,2453601323,5682952181,13397325668,32821337699,81371035728,204345457710,510252972315,1253360068940,3046429106406,7474724660369,18777063264465,
495,5592,24106,64374,134432,268882,528982,1050812,3173851,12047129,43272741,138622675,397076190,1030759782,2458092387,5665616436,13258987584,32387504299,80160331214,201222850890,503161391926,1234831915505,2990251151464,7292339463124,18184575007790,
495,5592,24106,64374,134445,268958,529295,1052153,3182465,12074751,43324400,138821111,397599980,1031702117,2460666792,5672115260,13276810918,32437597238,80297418398,201606674267,504158731711,1237359009336,2997148343090,7311787951234,18239844526456,
496,5600,24109,64366,134592,268128,529037,1052406,3168631,12047521,43250736,138355960,396403542,1028809860,2455160733,5666079524,13267505627,32424513019,80200055777,201065542221,502770224630,1234567647039,2992613688280,7307980906793,18235222425402,
495,5592,24106,64374,134445,268958,529295,1052153,3182465,12074715,43323728,138817399,397600844,1031764997,2460769340,5671746210,13275740669,32437594778,80298561635,201606632455,504171754910,1237409033309,2997179958629,7311546143550,18239273790090,
496,5600,24109,64366,134592,268128,529037,1052406,3168631,12047521,43250736,138355960,396403542,1028809860,2455160733,5666079527,13267505681,32424513164,80200054657,201065557200,502770430833,1234567622505,2992606460656,7307957699457,18235257309516,
495,5592,24106,64374,134432,268882,528982,1050812,3173851,12047093,43272069,138618963,397077054,1030822664,2458194983,5665247787,13257918297,32387497154,80161444630,201222802339,503174779311,1234882228841,2990274700086,7292070528042,18184039553985,
558,5580,23824,64664,133570,268386,530546,1074281,3219605,12357632,43876076,139806791,398697902,1030401933,2451806364,5668975854,13335779873,32636069316,80909771478,203294551362,507722323613,1246305942559,3022376794627,7385497927987,18470294369234,
558,5580,23824,64664,133583,268462,530834,1075237,3226341,12382340,43924135,139986069,399234154,1031447469,2454058151,5673365108,13344395460,32655123955,80970520086,203510620365,508377753778,1248244909599,3028162665260,7402506076712,18521751601690,
514,5660,23905,64126,134588,269220,528521,1061804,3219537,12182376,43446534,138807963,395830220,1026673219,2452976831,5674516327,13313959833,32599154804,80673022102,202029116298,504557152664,1238189493926,3002137563601,7340102537675,18341024742230,
558,5580,23824,64664,133583,268462,530834,1076389,3228645,12363908,43904239,140054529,399310090,1031557845,2453817959,5673793136,13343314969,32647531325,80974109935,203505129112,508383766263,1248434767856,3028582796167,7402906403748,18520722674170,
514,5660,23905,64126,134588,269220,528521,1061804,3219537,12182376,43446534,138807963,395830220,1026673219,2452976831,5674516327,13313959913,32599156527,80673036258,202029162508,504557046698,1238187597692,3002128882936,7340093642884,18341101187611,
558,5580,23824,64664,133570,268386,530546,1075433,3221909,12339200,43856180,139875251,398773838,1030512309,2451566172,5669403843,13334698465,32628468569,80913331976,203289065892,507728677711,1246495936692,3022789754488,7385878741577,18469334453776,
558,5580,23824,64664,133570,268380,530411,1073071,3214827,12354992,43912128,139900438,398783395,1030099800,2449683665,5664023032,13331466213,32645128542,80956351637,203386055965,507766614808,1245805857477,3020183412336,7381108121702,18464632216459,
557,5572,23821,64672,133421,269204,530636,1070928,3219947,12389771,44004122,140184598,399697604,1033105045,2452942282,5660913316,13327058325,32627111984,80898218492,203438165199,507778341121,1244571451806,3015376906418,7364083389927,18413302639682,
513,5652,23902,64134,134428,269968,528339,1059142,3220911,12181794,43505389,139163470,396575773,1028271570,2453783738,5669614170,13303360996,32576232707,80685944906,202282468459,505019035499,1238089160767,2998076235977,7321671433373,18289232143391,
557,5572,23821,64672,133421,269204,530636,1072080,3222251,12371375,43984898,140256770,399772676,1033152539,2452599494,5661710060,13327048853,32619546752,80900818541,203433091018,507771529489,1244711802631,3015766910913,7364710366684,18412818717214,
513,5652,23902,64134,134428,269968,528339,1059142,3220911,12181794,43505389,139163146,396572965,1028276610,2453851702,5669560059,13302761082,32576383039,80687744218,202278833512,505014688071,1238099791245,2998082679821,7321785351637,18289781124710,
558,5580,23824,64664,133570,268380,530411,1074223,3217131,12336596,43892904,139972286,398855659,1030152328,2449408697,5664764363,13330851325,32637697516,80960668018,203377022847,507755016295,1245956116889,3020578898125,7381869668456,18464760007289,
558,5580,23824,64664,133583,268456,530702,1074078,3221795,12379354,43955925,140077488,399351581,1031213735,2451946836,5668284577,13339793354,32663679245,81015943636,203602470145,508441811131,1247822263195,3026110464550,7398203603660,18516014905978,
557,5572,23821,64672,133421,269204,530636,1070928,3219947,12389772,44004154,140185029,399700740,1033117968,2452969416,5660925289,13327018808,32627159485,80898619462,203439232082,507781990057,1244582584165,3015397587112,7364110211324,18413394408782,
513,5652,23902,64134,134441,270044,528647,1060376,3228649,12206044,43551544,139365990,397150309,1029352636,2456434771,5675598403,13318714309,32620214432,80813825662,202660522500,506021976647,1240627335957,3004835473729,7340124418822,18341104723883,
557,5572,23821,64672,133421,269204,530636,1072080,3222251,12371376,43984930,140257201,399775812,1033165462,2452626628,5661722030,13327009362,32619595671,80901230791,203434136275,507774585415,1244721345203,3015792477571,7364760546585,18412915098559,
513,5652,23902,64134,134441,270044,528647,1060376,3228649,12206044,43551544,139365666,397147501,1029357676,2456502735,5675544295,13318114386,32620363863,80815617108,202656877729,506017889006,1240640153696,3004849894869,7340243639096,18341578892116,
558,5580,23824,64664,133583,268456,530702,1075230,3224099,12360958,43936701,140149336,399423845,1031266269,2451672012,5669027147,13339182362,32656245792,81020230867,203593425542,508430077651,1247972186014,3026512872589,7398985743117,18516074467397,
517,5598,23971,64752,133849,267920,531100,1057307,3191027,12122853,43451809,138845461,397264316,1031260528,2463040843,5688843144,13345212015,32653377024,80833326184,202785740598,506710794927,1242896110499,3011434111940,7358406175137,18390703734378,
517,5598,23971,64752,133866,268016,531419,1058934,3200163,12148962,43499072,139046998,397780349,1032183635,2465739771,5695621966,13363344824,32704108438,80972934909,203178456044,507745153850,1245568978367,3018763781472,7379001503715,18448750764192,
518,5606,23974,64744,134013,267222,531352,1058855,3185964,12122143,43403512,138596387,396565535,1029013277,2460119159,5690637690,13357849653,32695212373,80857321719,202576104154,506198521925,1242685380758,3014910044689,7375924490417,18442355002414,
517,5598,23971,64752,133866,268016,531419,1058934,3200163,12148890,43498016,139043222,397789885,1032255635,2465764358,5695145828,13362579622,32704417551,80973625738,203180164002,507761646607,1245609228540,3018750236585,7378711102414,18448374424854,
518,5606,23974,64744,134013,267222,531352,1058855,3185964,12122143,43403512,138596387,396565535,1029013277,2460119159,5690637693,13357849680,32695212133,80857319405,202576118108,506198659441,1242684854599,3014902095828,7375904050552,18442398098888,
517,5598,23971,64752,133849,267920,531100,1057307,3191027,12122781,43450753,138841685,397273852,1031332529,2463065458,5688367296,13344447908,32653683908,80833988321,202787414594,506727560669,1242936337006,3011411952304,7358089848054,18390368262693,
559,5596,23812,64894,133200,267442,531834,1073427,3236987,12416915,44086867,140074096,398889290,1031149751,2456825646,5691310011,13420431310,32895028750,81538929312,204704266967,510905029794,1253466595596,3041029042592,7444119438988,18655180506429,
559,5596,23812,64894,133217,267538,532128,1074669,3244245,12440109,44130472,140255848,399414590,1032168468,2459214493,5696074638,13429645499,32915561129,81602317161,204923437099,511580193101,1255520160469,3047231049836,7462480097398,18709982389285,
530,5646,23838,64584,134005,267878,530736,1065385,3227986,12255093,43616042,138992291,396098857,1027020346,2457738589,5696614094,13397983221,32847657331,81267279673,203421980823,507727883272,1245673552539,3022905207717,7403254135319,18533401963226,
559,5596,23812,64894,133217,267538,532128,1075437,3245781,12427821,44117208,140301432,399464622,1032241500,2459062648,5696369165,13428888911,32910474777,81604750298,204919751946,511585546907,1255654895374,3047528639085,7462770890031,18709393768899,
530,5646,23838,64584,134005,267878,530736,1065385,3227986,12255093,43616042,138992291,396098857,1027020346,2457738589,5696614094,13397983308,32847659149,81267293724,203422018879,507727705152,1245671193386,3022894723644,7403244566221,18533492173924,
559,5596,23812,64894,133200,267442,531834,1074195,3238523,12404627,44073603,140119680,398939322,1031222783,2456673801,5691604526,13419674425,32889939312,81541346738,204700561809,510910521026,1253600947201,3041317432153,7444387456714,18654675282126,
559,5596,23812,64894,133200,267430,531644,1072141,3232425,12414099,44124549,140187304,398998250,1030710001,2454263132,5686065767,13417451182,32907152032,81590620857,204811344089,510928849510,1252848514383,3038676514969,7439306158888,18649393919195,
558,5588,23809,64902,133051,268248,531819,1070022,3237874,12447926,44222085,140459792,399897168,1033800994,2457385526,5682523579,13413357004,32890062189,81535444790,204858250207,510922772602,1251642159766,3033993457119,7423257708503,18600719912163,
529,5638,23835,64592,133841,268564,530302,1062701,3229475,12255437,43702461,139349181,396892932,1028776460,2458101050,5690109865,13384585330,32822931072,81301145890,203741748015,508282240327,1245388350984,3017564341682,7382522548557,18480559242217,
558,5588,23809,64902,133051,268248,531819,1070790,3239410,12435710,44209877,140509152,399937664,1033802025,2457209066,5683294019,13413366171,32884688246,81537336204,204853261366,510911883751,1251736994288,3034305877258,7423825244182,18600482190341,
529,5638,23835,64592,133841,268564,530302,1062701,3229475,12255437,43702461,139348965,396891060,1028779820,2458146354,5690073581,13384181430,32822990707,81302118396,203738603362,508277833565,1245394444061,3017588302717,7382704525292,18481136558204,
559,5596,23812,64894,133200,267430,531644,1072909,3233961,12401883,44112341,140236448,399036874,1030714389,2454131892,5686798990,13417051252,32901818859,81593406111,204802919355,510913040012,1252948535893,3039012336882,7440076519129,18649793446740,
559,5596,23812,64894,133217,267526,531941,1073434,3239915,12436946,44163860,140366431,399553218,1031793326,2456684970,5690816660,13426481617,32926697498,81651163597,205027949681,511622831416,1254995615305,3045072469386,7457817712722,18704103566720,
558,5588,23809,64902,133051,268248,531819,1070022,3237874,12447926,44222091,140459946,399898854,1033811560,2457427808,5682627941,13413451007,32889737737,81534120999,204857169232,510929168605,1251667992126,3034043638979,7423333073441,18600845159480,
529,5638,23835,64592,133858,268660,530616,1064221,3237735,12278173,43744192,139554477,397457777,1029833384,2460884959,5696460529,13400389901,32867242205,81430075533,204126818932,509326293419,1248093816531,3024795120795,7402161715924,18535146717076,
558,5588,23809,64902,133051,268248,531819,1070790,3239410,12435710,44209883,140509306,399939350,1033812591,2457251348,5683398378,13413460234,32884365692,81536024776,204852151475,510917681805,1251761272242,3034359889152,7423920674433,18600617578333,
529,5638,23835,64592,133858,268660,530616,1064221,3237735,12278173,43744192,139554261,397455905,1029836744,2460930263,5696424245,13399985931,32867300654,81431041758,204123680437,509322194087,1248102425669,3024829144049,7402351011871,18535634438094,
559,5596,23812,64894,133217,267526,531941,1074202,3241451,12424730,44151652,140415575,399591842,1031797717,2456553814,5691550753,13426085307,32921365088,81653917113,205019481216,511607013800,1255096022610,3045416152281,7458606453790,18704426401611,
501,5588,24060,64474,134346,268362,528076,1046983,3163033,12038832,43376538,138991429,397730314,1031623465,2460298812,5672253613,13282930483,32481790820,80438113846,201899440789,504576884440,1236668922871,2989072722180,7274683001430,18106456057296,
501,5588,24060,64474,134363,268458,528395,1048610,3172169,12064941,43423792,139192718,398243478,1032527627,2462916012,5678785472,13300535452,32531926546,80577221034,202285559392,505580982058,1239245164561,2996122326637,7294511744251,18162540660197,
502,5596,24063,64466,134510,267628,528137,1048863,3158318,12037523,43349890,138730248,397048957,1029594060,2457330201,5672997026,13292300561,32520401584,80479349024,201735395474,504167120554,1236393789978,2991480859660,7290547400339,18157706569649,
501,5588,24060,64474,134363,268458,528395,1048610,3172169,12064905,43423120,139189006,398244342,1032590507,2463018559,5678416406,13299465314,32531928313,80578399536,202285619416,505593892328,1239294004712,2996151317908,7294264373052,18161976046660,
502,5596,24063,64466,134510,267628,528137,1048863,3158318,12037523,43349890,138730248,397048957,1029594060,2457330201,5672997029,13292300620,32520401853,80479348653,201735404288,504167224373,1236393326135,2991473684119,7290528959883,18157743545934,
501,5588,24060,64474,134346,268362,528076,1046983,3163033,12038796,43375866,138987717,397731178,1031686347,2460401407,5671884948,13281861312,32481788030,80439263380,201899488705,504590057972,1236717610052,2989093715951,7274413471689,18105929332067,
564,5576,23778,64764,133484,267866,529640,1070260,3208411,12352375,43973421,140196311,399360366,1031314202,2454348662,5676289400,13362138071,32734622330,81190238213,203965367732,509088347329,1248082751749,3021396735880,7368713958542,18394040246996,
564,5576,23778,64764,133501,267962,529934,1071502,3215669,12375569,44017006,140377572,399880511,1032300775,2456598434,5680595964,13370079394,32752447649,81250588359,204178871346,509741109332,1250049753610,3027262061919,7385951283261,18445985414282,
520,5656,23859,64226,134506,268720,527621,1057877,3208456,12179697,43533539,139183969,396500788,1027376921,2455113174,5681432155,13339346775,32696365127,80950374373,202690420592,505921034141,1239923832209,3000850437753,7322418152043,18262484387950,
564,5576,23778,64764,133501,267962,529934,1072654,3217973,12357137,43997110,140445948,399955559,1032410323,2456370673,5681037854,13368945497,32744830990,81254344852,204173469848,509746305307,1250237271761,3027680940131,7386340624387,18444917679405,
520,5656,23859,64226,134506,268720,527621,1057877,3208456,12179697,43533539,139183969,396500788,1027376921,2455113174,5681432155,13339346857,32696366881,80950388665,202690467821,505920942234,1239921955943,3000841053356,7322404654298,18262550056542,
564,5576,23778,64764,133484,267866,529640,1071412,3210715,12333943,43953525,140264687,399435414,1031423750,2454120901,5676731251,13361003259,32726997489,81193964339,203959970282,509093905710,1248270429833,3021807712166,7369079750756,18393032669261,
564,5576,23778,64764,133484,267860,529505,1069050,3203634,12349764,44009838,140292469,399455435,1031027511,2452197667,5671121186,13357364962,32743709650,81239406199,204063315637,509145287752,1247584609801,3019096227435,7364076613622,18388136413747,
563,5568,23775,64772,133335,268684,529730,1066907,3208760,12384615,44101962,140575487,400363882,1034016679,2455415555,5667827339,13352280959,32724282300,81178443870,204114521264,509162181940,1246352948413,3014316435514,7347098119813,18336629727155,
519,5648,23856,64234,134342,269448,527433,1054929,3209326,12180845,43597402,139536453,397264626,1029070005,2455927590,5676035813,13327440903,32671836305,80964339229,202956665694,506412715814,1239836910524,2996641671793,7303517010047,18209894614414,
563,5568,23775,64772,133335,268684,529730,1068059,3211064,12366219,44082738,140647575,400438066,1034063345,2455085199,5668637961,13352217970,32716688808,81181175194,204109434214,509154665473,1246492148799,3014707819161,7347719606945,18336100754405,
519,5648,23856,64234,134342,269448,527433,1054929,3209326,12180845,43597402,139536129,397261818,1029075045,2455995554,5675981738,13326841645,32671990458,80966140486,202952975651,506408269480,1239848131605,2996649893926,7303625899932,18210409900537,
564,5576,23778,64764,133484,267860,529505,1070202,3205938,12331368,43990614,140364233,399526811,1031079211,2451935131,5671876431,13356697213,32736254173,81243855488,204054211682,509132874958,1247734307855,3019494996511,7364828239853,18388186878535,
564,5576,23778,64764,133501,267956,529802,1070343,3211124,12372611,44049132,140471160,400005523,1032077773,2454469054,5675398299,13365201522,32760709821,81296674468,204273800583,509817645797,1249643879524,3025138913394,7381454468634,18440080521471,
563,5568,23775,64772,133335,268684,529730,1066907,3208760,12384615,44101965,140575576,400365027,1034025084,2455454072,5667936382,13352425396,32724065232,81177014115,204112547034,509166657642,1246376698075,3014368704254,7347193981889,18336804386738,
519,5648,23856,64234,134359,269544,527747,1056449,3217586,12203581,43639123,139741484,397826545,1030108444,2458633185,5682150187,13342759091,32715581438,81092318576,203333800680,507423894716,1242439451135,3003582951393,7322400067814,18262621799047,
563,5568,23775,64772,133335,268684,529730,1068059,3211064,12366219,44082741,140647664,400439211,1034071750,2455123716,5668747001,13352362430,32716473065,81179756106,204107445542,509158664608,1246514767951,3014764218092,7347829458587,18336267162521,
519,5648,23856,64234,134359,269544,527747,1056449,3217586,12203581,43639123,139741160,397823737,1030113484,2458701149,5682096115,13342159822,32715734627,81094111447,203330099016,507419697928,1242452842304,3003599812097,7322518947808,18263073669163,
564,5576,23778,64764,133501,267956,529802,1071495,3213428,12354215,44029908,140542924,400076899,1032129479,2454206662,5676154783,13364537664,32753251805,81301094170,204264694116,509805209736,1249793675438,3025544442278,7382221571973,18440059890324,
513,5586,24032,64658,133809,268968,533662,1077708,3250831,12124660,43221619,138391610,397020125,1032302082,2465535482,5690116413,13328574092,32573082092,80535724745,201886533851,504864190726,1241863331771,3021511700471,7419424202994,18631981377773,
513,5586,24032,64658,133814,269036,533959,1078813,3258879,12154017,43277164,138578641,397538787,1033280294,2468097942,5696557027,13347541862,32627375016,80675669740,202277332177,505911850428,1244536163083,3028828725906,7440191310907,18690883627057,
514,5594,24035,64650,133969,268250,533908,1078970,3245316,12126542,43182182,138132858,396238525,1029914785,2463155145,5694954102,13343434859,32600294456,80526901306,201686690539,504468069452,1241857313046,3025183222232,7436861907422,18682801673062,
513,5586,24032,64658,133814,269036,533959,1078813,3258879,12154017,43277164,138578641,397538787,1033280294,2468097952,5696557733,13347552721,32627439699,80675785536,202276907711,505909529308,1244535431875,3028859728097,7440320515024,18691059726375,
514,5594,24035,64650,133969,268250,533908,1078970,3245316,12126542,43182182,138132858,396238525,1029914785,2463155145,5694954102,13343434859,32600294628,80526905807,201686745383,504468431164,1241858222928,3025180048477,7436837114250,18682775321439,
513,5586,24032,64658,133809,268968,533662,1077708,3250831,12124660,43221619,138391610,397020125,1032302082,2465535492,5690117119,13328584951,32573146890,80535843714,201886153611,504862206762,1241863589766,3021539837665,7419528117117,18632130556142,
555,5584,23873,64800,133160,268486,535154,1093996,3286451,12405729,43888687,139765683,398629850,1032007189,2458843336,5691625118,13400786330,32793645439,81226338733,203861821165,509268953614,1252856488463,3051052572996,7503566202802,18890017350817,
555,5584,23873,64800,133165,268554,535426,1094716,3292621,12432173,43940688,139934329,399166362,1033115999,2461193375,5696308440,13411715641,32819841350,81292977982,204086148011,509970893483,1254929377540,3057354605948,7522443368277,18946338492534,
526,5634,23899,64490,133961,268906,533292,1083452,3280178,12272972,43445774,138601120,395720365,1027378241,2461280602,5698699933,13378715763,32740234620,80952818834,202665931307,506151995260,1244671715614,3031784133406,7459547941225,18768131381211,
555,5584,23873,64800,133165,268554,535426,1094716,3292621,12432173,43940688,139934297,399166106,1033116415,2461200681,5696320970,13411673924,32819629810,81292795143,204087749984,509977001992,1254932256634,3057321858159,7522333328895,18946056456413,
526,5634,23899,64490,133961,268906,533292,1083452,3280178,12272972,43445774,138601120,395720365,1027378241,2461280602,5698699933,13378715840,32740235822,80952826728,202665983619,506152337379,1244672447556,3031779937981,7459525398690,18768130144756,
555,5584,23873,64800,133160,268486,535154,1093996,3286451,12405729,43888687,139765651,398629594,1032007605,2458850642,5691637648,13400744636,32793433725,81226150589,203863422355,509275380024,1252860516642,3051016395328,7503434080478,18889742073453,
555,5584,23873,64800,133160,268474,534964,1092710,3281887,12403007,43928131,139886768,398725802,1031370834,2455849384,5687292052,13403054739,32811593308,81266086034,203925692986,509232690946,1252198687076,3048956031380,7499785154393,18885424520569,
554,5576,23870,64808,133003,269284,535123,1090355,3286770,12438570,44028973,140140551,399609246,1034630213,2459214550,5682564886,13396624280,32799900921,81227762772,203978215668,509198686183,1250969649258,3044291260728,7483777825820,18837071557563,
525,5626,23896,64498,133801,269612,532864,1081054,3282117,12270818,43525095,138975565,396584251,1029077898,2460671283,5690063631,13368320789,32735876136,81007168578,202931190719,506527274315,1244137530498,3026503413613,7439970628894,18717366753407,
554,5576,23870,64808,133003,269284,535123,1090355,3286770,12438570,44028973,140140519,399608990,1034630629,2459221846,5682576710,13396571764,32799624768,81227464200,203980287422,509207282406,1250972820912,3044226684911,7483540104006,18836606501839,
525,5626,23896,64498,133801,269612,532864,1081054,3282117,12270818,43525095,138975565,396584251,1029077898,2460671283,5690063806,13368325165,32735916162,81007288712,202930791363,506524278217,1244138641065,3026550997870,7440109775357,18717504627781,
555,5584,23873,64800,133160,268474,534964,1092710,3281887,12403007,43928131,139886736,398725546,1031371250,2455856680,5687304051,13403006502,32811356221,81265899871,203927297398,509238162093,1252203693993,3048939962392,7499685356908,18885110630853,
555,5584,23873,64800,133165,268542,535239,1093481,3288289,12429106,43975888,140053273,399294076,1032545976,2458210077,5691861642,13413698869,32837333194,81331780600,204149383567,509950666557,1254348314956,3055422634641,7518808534762,18941668811096,
554,5576,23870,64808,133003,269284,535123,1090355,3286770,12438572,44029029,140141189,399613026,1034642401,2459233374,5682566464,13396612864,32800066330,81228365015,203979586264,509203026352,1250978900004,3044304156123,7483813943654,18837205410151,
525,5626,23896,64498,133806,269680,533156,1082052,3289289,12296804,43575158,139166839,397153819,1030191516,2463295005,5695974647,13384871659,32784286381,81138446016,203316963811,507582190865,1246824226198,3033677189746,7459697917690,18772748574213,
554,5576,23870,64808,133003,269284,535123,1090355,3286770,12438572,44029029,140141157,399612770,1034642817,2459240670,5682578288,13396560425,32799791207,81228069996,203981658474,509211632830,1250982003274,3044238147258,7483575901959,18836766828585,
525,5626,23896,64498,133806,269680,533156,1082052,3289289,12296804,43575158,139166839,397153819,1030191516,2463295005,5695974822,13384875948,32784325009,81138556870,203316507018,507578829648,1246824524837,3033729242970,7459861643342,18772888161455,
555,5584,23873,64800,133165,268542,535239,1093481,3288289,12429106,43975888,140053241,399293820,1032546392,2458217373,5691873641,13413650664,32837096746,81331597269,204150955325,509955728390,1254352066863,3055409717518,7518734175574,18941375418294,
497,5576,24121,64380,134306,269412,530299,1066952,3228802,12054015,43125395,138443503,397516483,1033324314,2464978353,5679665392,13267687828,32374175119,80041216364,200814931045,502489475512,1235383085835,2998904247683,7334663596580,18342078097756,
497,5576,24121,64380,134311,269480,530596,1068057,3236850,12083373,43180952,138630440,398032566,1034281941,2467452711,5685863665,13286152907,32427943736,80181725956,201202722886,503514048874,1237980112684,3005962656431,7354591644982,18398905832918,
498,5584,24124,64372,134466,268658,530354,1068546,3223636,12055223,43107764,138180138,396774514,1031117335,2462195485,5682835385,13280689333,32404548258,80053332627,200645661574,502153999041,1235300063291,3001679495116,7350728076015,18392773421333,
497,5576,24121,64380,134311,269480,530596,1068057,3236850,12083373,43180952,138630440,398032566,1034281941,2467452719,5685864204,13286162202,32428007894,80181867941,201202321598,503511758517,1237980010064,3005990300217,7354702887083,18399071104766,
498,5584,24124,64372,134466,268658,530354,1068546,3223636,12055223,43107764,138180138,396774514,1031117335,2462195485,5682835385,13280689333,32404548354,80053336087,200645712276,502154358145,1235301009187,3001676683227,7350704084321,18392741610459,
497,5576,24121,64380,134306,269412,530299,1066952,3228802,12054015,43125395,138443503,397516483,1033324314,2464978361,5679665931,13267697117,32374239191,80041359788,200814571142,502487536639,1235383993363,2998929178044,7334750708551,18342212643328,
560,5564,23839,64670,133440,268930,533007,1090481,3258594,12346534,43768515,139873977,399155040,1032741473,2457886319,5681305854,13345265269,32612125331,80793610794,202962207847,507249577438,1247264468141,3031215664930,7427387206500,18622762550317,
560,5564,23839,64670,133445,268998,533279,1091201,3264764,12372978,43820496,140042132,399686383,1033817972,2460097744,5685539330,13354914451,32635500187,80857472713,203181111488,507927952181,1249256923917,3037191785224,7445136894155,18676349146884,
516,5644,23920,64132,134462,269750,529838,1074488,3263034,12217834,43371336,138757985,396154100,1027909447,2460182609,5688101362,13325712529,32574448499,80549561787,201760819050,504071436201,1238556520583,3009489929786,7377697534756,18492581366893,
560,5564,23839,64670,133445,268998,533279,1091201,3264764,12372978,43820496,140042084,399685999,1033818596,2460108696,5685557733,13354847970,32635174850,80857185456,203182893099,507933284268,1249253246235,3037135262871,7444958074249,18675914514765,
516,5644,23920,64132,134462,269750,529838,1074488,3263034,12217834,43371336,138757985,396154100,1027909447,2460182609,5688101362,13325712598,32574449460,80549566741,201760854799,504071755354,1238557439130,3009486450220,7377674451044,18492576143305,
560,5564,23839,64670,133440,268930,533007,1090481,3258594,12346534,43768515,139873929,399154656,1032742097,2457897271,5681324257,13345198791,32611799349,80793314375,202963979375,507255264731,1247262184459,3031156107853,7427186085709,18622332534918,
560,5564,23839,64670,133440,268924,532872,1089271,3253816,12343966,43806001,139977267,399253318,1032301944,2455192978,5676495356,13345715188,32629244583,80834676168,203021158175,507238482541,1246684281247,3029078475581,7423704837467,18618409953423,
559,5556,23836,64678,133283,269740,533081,1086892,3258364,12380445,43901377,140243287,400147682,1035433949,2458642217,5672303288,13338660737,32613894254,80788631375,203079411238,507231548033,1245436062442,3024318472180,7406838306001,18567308733097,
515,5636,23917,64140,134302,270498,529656,1071826,3264354,12216508,43427251,139119785,396981759,1029627471,2460270388,5680637400,13315403278,32566199146,80584269369,201992598955,504420933740,1238191693033,3005062509992,7359544162348,18442056189138,
559,5556,23836,64678,133283,269740,533081,1086892,3258364,12380445,43901377,140243239,400147298,1035434573,2458653161,5672321152,13338585027,32613504958,80788203111,203081641925,507239346624,1245432126307,3024233586077,7406548945696,18566700673580,
515,5636,23917,64140,134302,270498,529656,1071826,3264354,12216508,43427251,139119785,396981759,1029627471,2460270388,5680637567,13315407382,32566237062,80584393027,201992299293,504418238752,1238191805054,3005101188305,7359667517798,18442241683415,
560,5564,23839,64670,133440,268924,532872,1089271,3253816,12343966,43806001,139977219,399252934,1032302568,2455203922,5676513387,13345643479,32628892084,80834362338,203023017156,507243477074,1246681287939,3029033082969,7423537024276,18618002007217,
560,5564,23839,64670,133445,268992,533147,1090042,3260218,12370064,43853720,140143192,399816537,1033446181,2457412323,5680595854,13355100209,32652197780,80897247064,203239624658,507935704162,1248752425000,3035199410859,7441591020543,18672008257971,
559,5556,23836,64678,133283,269740,533081,1086892,3258364,12380446,43901409,140243716,400150760,1035446199,2458665571,5672306946,13338634711,32614041466,80789154117,203080484704,507235184600,1245443954297,3024332795088,7406895042081,18567492516649,
515,5636,23917,64140,134307,270566,529948,1072824,3271526,12242494,43477304,139310804,397548530,1030723154,2462817502,5686311245,13331399157,32613891690,80715437864,202373755862,505449304703,1240796331881,3011980923891,7378503425838,18495585966183,
559,5556,23836,64678,133283,269740,533081,1086892,3258364,12380446,43901409,140243668,400150376,1035446823,2458676515,5672324810,13338559070,32613653035,80788727504,203082703348,507242972362,1245440098039,3024246833965,7406604052375,18566912393734,
515,5636,23917,64140,134307,270566,529948,1072824,3271526,12242494,43477304,139310804,397548530,1030723154,2462817502,5686311412,13331403182,32613928395,80715554123,202373409087,505446264821,1240795502984,3012023304981,7378651490176,18495778705993,
560,5564,23839,64670,133445,268992,533147,1090042,3260218,12370064,43853720,140143144,399816153,1033446805,2457423267,5680613885,13355028534,32651845995,80896936489,203241448086,507940257873,1248748061896,3035156798502,7441448366462,18671627739476,
519,5582,23986,64758,133723,268452,532830,1073152,3235947,12109964,43311354,138767870,397713827,1033500804,2469108771,5700746239,13361087652,32677247021,80828574199,202584990057,506223053202,1243464745654,3020094626888,7402446594765,18558669381137,
519,5582,23986,64758,133732,268540,533133,1074543,3244517,12137809,43362517,138957939,398222307,1034439168,2471703126,5707203080,13379825697,32731483792,80970270674,202977253242,507273846577,1246177643616,3027561022146,7423635028240,18618502281418,
520,5590,23989,64750,133887,267754,533082,1074700,3230956,12110384,43268025,138513530,396917221,1031047543,2466710766,5705461692,13376190415,32708014642,80826296002,202376157013,505786843638,1243435585037,3023863318642,7420225888241,18610236599989,
519,5582,23986,64758,133732,268540,533133,1074543,3244517,12137809,43362517,138957939,398222307,1034439168,2471703132,5707203693,13379835864,32731547925,80970402322,202976891128,507271511751,1246176240339,3027588842717,7423756550200,18618691162600,
520,5590,23989,64750,133887,267754,533082,1074700,3230956,12110384,43268025,138513530,396917221,1031047543,2466710766,5705461692,13376190415,32708014770,80826299101,202376193945,505787095418,1243436248395,3023860812559,7420205330674,18610210006722,
519,5582,23986,64758,133723,268452,532830,1073152,3235947,12109964,43311354,138767870,397713827,1033500804,2469108777,5700746852,13361097819,32677311225,80828707618,202584654257,506220945600,1243464085008,3020120249374,7402547062562,18558831163758,
561,5580,23827,64900,133074,267970,534322,1089312,3271311,12392954,43973304,140152977,399327398,1033248309,2462627947,5702717676,13436001160,32904884256,81527018253,204560422268,510596148789,1254422409823,3049881733177,7487533216450,18818364803089,
561,5580,23827,64900,133083,268058,534600,1090318,3278003,12417884,44020831,140323603,399847752,1034297907,2464975947,5707320772,13446248325,32929745729,81593059137,204781830813,511293526630,1256521289376,3056273336727,7506681936902,18875264362196,
532,5630,23853,64590,133879,268410,532466,1078926,3265306,12261678,43523401,138983208,396417997,1028453645,2464812266,5709282942,13412166512,32849662312,81251223435,203348030584,507443285809,1246174913145,3030376281826,7442794530899,18694689573191,
561,5580,23827,64900,133083,268058,534600,1090318,3278003,12417884,44020831,140323571,399847496,1034298323,2464983249,5707333210,13446205884,32929532514,81592877340,204783399168,511299391745,1256524075527,3056242344460,7506577628752,18875015041213,
532,5630,23853,64590,133879,268410,532466,1078926,3265306,12261678,43523401,138983208,396417997,1028453645,2464812266,5709282942,13412166580,32849663228,81251227569,203348058252,507443555942,1246175658007,3030372702462,7442773017906,18694684420998,
561,5580,23827,64900,133074,267970,534322,1089312,3271311,12392954,43973304,140152945,399327142,1033248725,2462635249,5702730114,13435958733,32904670581,81526827391,204561965196,510602259819,1254426357963,3049847926838,7487407858301,18818118406618,
561,5580,23827,64900,133074,267958,534132,1088026,3266749,12390284,44013316,140277297,399433040,1032622667,2459596148,5698167636,13437883212,32922745480,81569314979,204632411816,510569738803,1253755765420,3047689606984,7483558190970,18813536012732,
560,5572,23824,64908,132917,268768,534291,1085671,3271632,12425847,44114108,140530557,400312710,1035858697,2462903533,5693369003,13430993672,32909096706,81527135298,204685288708,510544635827,1252526680023,3043015527632,7467525685166,18765032680723,
531,5622,23850,64598,133715,269096,532032,1076242,3266723,12261038,43607182,139356476,397306579,1030229883,2464181904,5700553326,13401170441,32841719142,81301632334,203630474728,507868771913,1245656725613,3024899873985,7422646562265,18642913073236,
560,5572,23824,64908,132917,268768,534291,1085671,3271632,12425847,44114108,140530525,400312454,1035859113,2462910829,5693380828,13430941124,32908819428,81526821916,204687264492,510553002362,1252530430787,3042955888205,7467301365538,18764587491664,
531,5622,23850,64598,133715,269096,532032,1076242,3266723,12261038,43607182,139356476,397306579,1030229883,2464181904,5700553506,13401174923,32841760243,81301759094,203630092138,507865663300,1245656687059,3024944173076,7422787116863,18643077115565,
561,5580,23827,64900,133074,267958,534132,1088026,3266749,12390284,44013316,140277265,399432784,1032623083,2459603444,5698179641,13437835049,32922508343,81569120632,204633937024,510574867747,1253760202158,3047675185483,7483473175338,18813268110247,
561,5580,23827,64900,133083,268046,534413,1089083,3273673,12414867,44056547,140445256,399982704,1033735237,2461973450,5702761350,13447999555,32946714641,81632322270,204850117588,511284762576,1255949238821,3054282795233,7502891417713,18870383235508,
560,5572,23824,64908,132917,268768,534291,1085671,3271632,12425847,44114112,140530669,400314038,1035867621,2462941949,5693475693,13431130809,32908866282,81525826444,204683936827,510551099712,1252552084090,3043063766159,7467616872314,18765188850171,
531,5622,23850,64598,133724,269184,532330,1077526,3274417,12285510,43652811,139550262,397863513,1031300421,2466857337,5706583691,13417617004,32889591045,81432508094,204014370401,508928479322,1248400882186,3032262048776,7442875019966,18699297940209,
560,5572,23824,64908,132917,268768,534291,1085671,3271632,12425847,44114112,140530637,400313782,1035868037,2462949245,5693487518,13431078329,32908589792,81525514257,204685906335,510559514448,1252556025914,3043002642075,7467389026802,18764766461824,
531,5622,23850,64598,133724,269184,532330,1077526,3274417,12285510,43652811,139550262,397863513,1031300421,2466857337,5706583871,13417621408,32889631034,81432629334,204013955018,508925077576,1248400018624,3032310196635,7443039083747,18699467438545,
561,5580,23827,64900,133083,268046,534413,1089083,3273673,12414867,44056547,140445224,399982448,1033735653,2461980746,5702773355,13447951424,32946478187,81632132157,204851628054,511289592138,1255952667025,3054270856643,7502827590578,18870135978499,
503,5572,24075,64480,134220,268896,529483,1062712,3214569,12037194,43217883,138801411,398170288,1034365659,2467975841,5688606743,13296768258,32477463031,80339535509,201523429262,503883839181,1237066610309,2997548819010,7317083072281,18265187445886,
503,5572,24075,64480,134229,268984,529786,1064103,3223139,12065039,43269036,138991224,398675933,1035285627,2470491792,5694827929,13314996548,32531265880,80482033187,201913495937,504914466042,1239710148334,3004772391613,7337440955429,18322792712088,
504,5580,24078,64472,134384,268162,529544,1064592,3209890,12036630,43196034,138544587,397418130,1032079236,2465161741,5692028436,13310540972,32509536410,80353169869,201345931678,503528589107,1236984869848,3000387719103,7333340959246,18316410125102,
503,5572,24075,64480,134229,268984,529786,1064103,3223139,12065039,43269036,138991224,398675933,1035285627,2470491798,5694828414,13315005341,32531328867,80482184712,201913154865,504912211374,1239709408319,3004797075221,7337545405212,18322966420323,
504,5580,24078,64472,134384,268162,529544,1064592,3209890,12036630,43196034,138544587,397418130,1032079236,2465161741,5692028436,13310540972,32509536474,80353172205,201345966606,503528842063,1236985548973,3000385571842,7333321791189,18316378779780,
503,5572,24075,64480,134220,268896,529483,1062712,3214569,12037194,43217883,138801411,398170288,1034365659,2467975847,5688607228,13296777045,32477525900,80339687349,201523113801,503881829843,1237066613539,2997571453237,7317168221673,18265330945651,
566,5560,23793,64770,133354,268414,532191,1086049,3243993,12332849,43854739,140251737,399817030,1033840320,2461197571,5690859965,13376888741,32719780653,81094154957,203665150443,508598070234,1248893180324,3030053665710,7410688999271,18547820854507,
566,5560,23793,64770,133363,268502,532469,1087055,3250685,12357779,43902246,140421875,400332275,1034857962,2463406985,5695007548,13385857646,32741932462,81157580353,203881476571,509273298044,1250911365469,3036112392797,7428687234429,18601884327553,
522,5640,23874,64232,134380,269254,529028,1070150,3248520,12206536,43447264,139124465,396826228,1028786424,2463102167,5697318813,13356225036,32680767776,80846830985,202450591141,505407140334,1240135353799,3008030811978,7360105155805,18415346102116,
566,5560,23793,64770,133363,268502,532469,1087055,3250685,12357779,43902246,140421827,400331891,1034858586,2463417935,5695025898,13385790649,32741605358,81157293652,203883254471,509278553005,1250908048361,3036058914324,7428515530488,18601479570122,
522,5640,23874,64232,134380,269254,529028,1070150,3248520,12206536,43447264,139124465,396826228,1028786424,2463102167,5697318813,13356225100,32680768555,80846833128,202450604962,505407380085,1240136252580,3008028122417,7360083823094,18415335397805,
566,5560,23793,64770,133354,268414,532191,1086049,3243993,12332849,43854739,140251689,399816646,1033840944,2461208521,5690878315,13376821742,32719452722,81093856283,203666896332,508603600999,1248891237484,3029997943460,7410496761407,18547415349996,
566,5560,23793,64770,133354,268408,532056,1084839,3239216,12330311,43892613,140357751,399925911,1033418818,2458476497,5685813079,13376814008,32736898233,81138002143,203730632080,508598884130,1248314878035,3027815392739,7406772851289,18543223750460,
565,5552,23790,64778,133197,269224,532265,1082460,3243776,12366886,43987985,140622311,400814763,1036533265,2461878748,5681437720,13369096093,32720226415,81089577372,203788626670,508594698282,1247060153037,3023079879682,7389955883760,18491903391358,
521,5632,23871,64240,134216,269982,528840,1067202,3249354,12207012,43507785,139482448,397674679,1030601727,2463192269,5689367821,13344620944,32670771789,80882734316,202696725600,505786653549,1239772088718,3003446724048,7341532371996,18364102560126,
565,5552,23790,64778,133197,269224,532265,1082460,3243776,12366886,43987985,140622263,400814379,1036533889,2461889692,5681455585,13369020369,32719836523,81089140124,203790793430,508602384058,1247057214905,3023000998611,7389680441775,18491316814351,
521,5632,23871,64240,134216,269982,528840,1067202,3249354,12207012,43507785,139482448,397674679,1030601727,2463192269,5689367991,13344625094,32670810056,80882860792,202696440898,505783915576,1239771334194,3003482317684,7341655030028,18364304841025,
566,5560,23793,64770,133354,268408,532056,1084839,3239216,12330311,43892613,140357703,399925527,1033419442,2458487441,5685831114,13376742331,32736545489,81137682147,203732442094,508603722845,1248312015687,3027772915262,7406618238860,18542854131271,
566,5560,23793,64770,133363,268496,532337,1085896,3246140,12354894,43935828,140525294,400470838,1034498698,2460703519,5689932309,13385724260,32758326599,81198142488,203942828438,509292875438,1250426334984,3034058572331,7424949257096,18597329951070,
565,5552,23790,64778,133197,269224,532265,1082460,3243776,12366886,43987987,140622375,400815647,1036540207,2461912950,5681544941,13369276361,32720127949,81088196513,203786340788,508599283171,1247083411029,3023129091232,7390068780981,18492123816545,
521,5632,23871,64240,134225,270070,529138,1068486,3257048,12231484,43553404,139675978,398228818,1031654507,2465792232,5695168652,13360589041,32718249919,81013927018,203076716784,506822759472,1242440575397,3010561587169,7360959161442,18418405437510,
565,5552,23790,64778,133197,269224,532265,1082460,3243776,12366886,43987987,140622327,400815263,1036540831,2461923894,5681562806,13369200701,32719738772,81087759229,203788489351,508606984864,1247080799779,3023049260518,7389788636967,18491559230057,
521,5632,23871,64240,134225,270070,529138,1068486,3257048,12231484,43553404,139675978,398228818,1031654507,2465792232,5695168822,13360593117,32718287157,81014048906,203076406897,506819755989,1242438899223,3010600088363,7361104756993,18418620474340,
566,5560,23793,64770,133363,268496,532337,1085896,3246140,12354894,43935828,140525246,400470454,1034499322,2460714463,5689950344,13385652617,32757974601,81197826871,203944618673,509297379471,1250422369367,3034018207585,7424814963133,18596987233776,
519,5594,23995,64748,133825,268196,533571,1071900,3226989,12102745,43231510,138457849,397291884,1032474417,2464474513,5685638036,13319602377,32579999207,80666180213,202394916161,505909651058,1242477515899,3016073094622,7384251982035,18488689623843,
519,5594,23995,64748,133838,268272,533884,1073241,3235603,12130366,43283157,138656390,397818438,1033439100,2467145470,5692402095,13337970364,32630971577,80805047695,202789160667,506951470296,1245150351831,3023380884627,7404758519196,18546502006684,
520,5602,23998,64740,133985,267478,533817,1073162,3221474,12104627,43192105,138199585,396512594,1030087932,2462062076,5690329887,13334221898,32607066635,80656548541,202196513842,505527813471,1242462066984,3019623318472,7401427808495,18538542238784,
519,5594,23995,64748,133838,268272,533884,1073241,3235603,12130366,43283157,138656390,397818438,1033439100,2467145480,5692402673,13337979775,32631033528,80805173071,202788757589,506949469352,1245150905973,3023407580340,7404867780763,18546681356762,
520,5602,23998,64740,133985,267478,533817,1073162,3221474,12104627,43192105,138199585,396512594,1030087932,2462062076,5690329887,13334221898,32607066743,80656552282,202196566574,505528171983,1242462936092,3019620180634,7401404029868,18538515720901,
519,5594,23995,64748,133825,268196,533571,1071900,3226989,12102745,43231510,138457849,397291884,1032474417,2464474523,5685638614,13319611788,32580061209,80666308002,202394555197,505907984070,1242479018662,3016096963911,7384336975873,18488841851576,
561,5592,23836,64890,133176,267714,535047,1088060,3262657,12384598,43895826,139839170,398896215,1032137754,2457760589,5687025140,13390964127,32801029094,81359759721,204370260431,510319179339,1253455506512,3045475077383,7468133757613,18745476554112,
561,5592,23836,64890,133189,267790,535335,1089016,3269393,12409306,43943905,140018942,399437679,1033215911,2460152639,5691872429,13400865373,32822931913,81423969327,204592953802,511000121600,1255494911684,3051664339611,7486510503651,18800381555447,
532,5642,23862,64580,133977,268134,533169,1077388,3256560,12253689,43449929,138673095,396008358,1027509164,2460112713,5693919060,13369747668,32747515225,81080485519,203178019518,507209691417,1245276498735,3026217719246,7424006041263,18622986997004,
561,5592,23836,64890,133189,267790,535335,1089016,3269393,12409306,43943905,140018926,399437487,1033215735,2460157897,5691890231,13400847768,32822740869,81423640332,204594060579,511006994913,1255503027488,3051636072425,7486399219208,18800124455006,
532,5642,23862,64580,133977,268134,533169,1077388,3256560,12253689,43449929,138673095,396008358,1027509164,2460112713,5693919060,13369747617,32747514379,81080483317,203178065010,507210111332,1245277512411,3026214238332,7423983895379,18622980288497,
561,5592,23836,64890,133176,267714,535047,1088060,3262657,12384598,43895826,139839154,398896023,1032137578,2457765847,5687042942,13390946417,32800835828,81359415325,204371359605,510326447757,1253465044503,3045444059853,7468000804135,18745221117072,
561,5592,23836,64890,133176,267702,534857,1086774,3258093,12381876,43935310,139960875,398996007,1031514709,2454785516,5682641561,13393041212,32818518913,81399576149,204439032347,510293439624,1252811912079,3043367811744,7464330585532,18741011461429,
560,5584,23833,64898,133027,268520,535032,1084655,3263542,12415703,44032254,140226180,399887433,1034761009,2458269880,5678315595,13386316556,32804263562,81359815154,204492286554,510258425010,1251605117436,3038777089131,7448290632049,18692268972594,
531,5634,23859,64588,133817,268840,532741,1074990,3258499,12251535,43529258,139047672,396873774,1029221319,2459554413,5685378875,13359408164,32742860683,81135750459,203446888484,507581615406,1244766503439,3021048069041,7404667614262,18573306786049,
560,5584,23833,64898,133027,268520,535032,1084655,3263542,12415703,44032254,140226164,399887241,1034760833,2458275128,5678332819,13386289600,32804010637,81359360846,204493841700,510267465333,1251612238802,3038721316703,7448071650840,18691825256826,
531,5634,23859,64588,133817,268840,532741,1074990,3258499,12251535,43529258,139047672,396873774,1029221319,2459554413,5685379042,13359412212,32742896269,81135854513,203446571768,507579166556,1244767202010,3021088925560,7404793717725,18573437889742,
561,5592,23836,64890,133176,267702,534857,1086774,3258093,12381876,43935310,139960859,398995815,1031514533,2454790764,5682658952,13393018207,32818300614,81399218170,204440202815,510299902055,1252820449664,3043353766179,7464236452512,18740712836832,
561,5592,23836,64890,133189,267778,535148,1087781,3265061,12406239,43979145,140138506,399569233,1032659198,2457188216,5687375018,13402656215,32839956719,81462772240,204660776088,510989914167,1254928669608,3049721950537,7482840343315,18795812751110,
560,5584,23833,64898,133027,268520,535032,1084655,3263542,12415705,44032310,140226818,399891213,1034773197,2458288700,5678317073,13386303934,32804418197,81360341747,204493328578,510262217411,1251615067081,3038790852962,7448314023968,18692375267922,
531,5634,23859,64588,133830,268916,533049,1076224,3266237,12275785,43575423,139250456,397451234,1030321408,2462286628,5691613252,13375358125,32787938430,81265867036,203835777521,508630171112,1247453741923,3028211969166,7424116226975,18627571248140,
560,5584,23833,64898,133027,268520,535032,1084655,3263542,12415705,44032310,140226802,399891021,1034773021,2458293948,5678334297,13386276927,32804164318,81359881656,204494879472,510271348985,1251622442251,3038734321704,7448094105376,18691952883704,
531,5634,23859,64588,133830,268916,533049,1076224,3266237,12275785,43575423,139250456,397451234,1030321408,2462286628,5691613419,13375362214,32787974666,81265971906,203835410188,508627279347,1247453346448,3028256576429,7424266508944,18627709576353,
561,5592,23836,64890,133189,267778,535148,1087781,3265061,12406239,43979145,140138490,399569041,1032659022,2457193464,5687392409,13402633242,32839739123,81462417853,204661916014,510995971076,1254936001205,3049711052240,7482770620327,18795534512831,
503,5584,24084,64470,134322,268638,530190,1061236,3204952,12032352,43145442,138510241,397754524,1033323915,2463252587,5673480869,13257436662,32385983904,80184974365,201350820361,503608592297,1236197976488,2994121746298,7300844253163,18201019175673,
503,5584,24084,64470,134335,268714,530503,1062577,3213566,12059974,43197101,138708679,398278370,1034267097,2465832628,5680001780,13275320207,32436323537,80323464299,201739913116,504622104489,1238776794691,3001149299339,7320532158322,18256720418604,
504,5592,24087,64462,134482,267884,530245,1062830,3199786,12033560,43127823,138247134,397014259,1031118788,2460446023,5676517999,13270092078,32416075101,80196245759,201179495007,503285360854,1236113567307,2996730247054,7316556137949,18250901743399,
503,5584,24084,64470,134335,268714,530503,1062577,3213566,12059974,43197101,138708679,398278370,1034267097,2465832636,5680002255,13275328498,32436383547,80323609556,201739559432,504620043668,1238777728359,3001174757270,7320623160832,18256879345262,
504,5592,24087,64462,134482,267884,530245,1062830,3199786,12033560,43127823,138247134,397014259,1031118788,2460446023,5676517999,13270092078,32416075165,80196248711,201179543293,503285714946,1236114480769,2996727377352,7316533001309,18250871856094,
503,5584,24084,64470,134322,268638,530190,1061236,3204952,12032352,43145442,138510241,397754524,1033323915,2463252595,5673481344,13257444947,32386043796,80185120553,201350505646,503606877948,1236199888062,2994144435647,7300911988317,18201149264488,
566,5572,23802,64760,133456,268156,532874,1084573,3234816,12326047,43784444,139951742,399385952,1032682106,2456136125,5674938135,13333671057,32624253193,80940284534,203491690315,508356761119,1248010765160,3026069466904,7392935015073,18480071344765,
566,5572,23802,64760,133469,268232,533162,1085529,3241552,12350755,43832503,140131020,399922204,1033727732,2458389157,5679334787,13342307496,32643370189,81001417722,203709024312,509015022802,1249965171056,3031931829672,7410195100168,18532150513284,
522,5652,23883,64222,134478,268976,529681,1068388,3239520,12200119,43382743,138832825,396414373,1027845856,2458315109,5681528494,13315388771,32586357962,80689407570,202297813060,505191641272,1239347300510,3004447864269,7343200150254,18349395640297,
566,5572,23802,64760,133469,268232,533162,1085529,3241552,12350755,43832503,140130996,399921916,1033727468,2458397037,5679361202,13342277819,32643071076,81000888929,203710126863,509021464289,1249967734398,3031880847997,7410011503829,18531734948701,
522,5652,23883,64222,134478,268976,529681,1068388,3239520,12200119,43382743,138832825,396414373,1027845856,2458315109,5681528494,13315388712,32586356875,80689402492,202297842781,505192039465,1239348485305,3004445063685,7343177636234,18349385337384,
566,5572,23802,64760,133456,268156,532874,1084573,3234816,12326047,43784444,139951718,399385664,1032681842,2456144005,5674964550,13333641255,32623951387,80939736547,203492776755,508363635684,1248014976494,3026016099983,7392729749125,18479655729609,
566,5572,23802,64760,133456,268150,532739,1083363,3230038,12323479,43821950,140055422,399487386,1032256023,2453467676,5670095344,13333871146,32640941220,80981699682,203553301128,508355512463,1247456062615,3023922041479,7389198879695,18475871241862,
565,5564,23799,64768,133307,268974,532964,1081220,3235152,12358222,43913428,140332961,400389611,1035373757,2457032866,5666308162,13326563623,32623090428,80933870319,203612124357,508346214995,1246218398954,3019251677681,7372357019723,18424287053232,
521,5644,23880,64230,134318,269724,529499,1065726,3240840,12198793,43438666,139194757,397243484,1029575474,2458451516,5674165894,13305181327,32577976382,80725347591,202534459145,505539141340,1239009883826,3000177452378,7325344831410,18299825431579,
565,5564,23799,64768,133307,268974,532964,1081220,3235152,12358222,43913428,140332937,400389323,1035373493,2457040738,5666334102,13326525721,32622731504,80933197247,203613628356,508354892346,1246219662235,3019174539427,7372083210068,18423704105165,
521,5644,23880,64230,134318,269724,529499,1065726,3240840,12198793,43438666,139194757,397243484,1029575474,2458451516,5674166057,13305185227,32578010562,80725452153,202534213279,505536989146,1239009980738,3000210338319,7325452819084,18299992215995,
566,5572,23802,64760,133456,268150,532739,1083363,3230038,12323479,43821950,140055398,399487098,1032255759,2453475548,5670121447,13333837041,32640615357,80981121948,203554487241,508361928486,1247458246614,3023878552580,7389031216206,18475470384985,
566,5572,23802,64760,133469,268226,533030,1084370,3237006,12347841,43865747,140232470,400055514,1033369387,2455728626,5674358964,13342242865,32659630931,81041486500,203769907293,509032078290,1249486653011,3029929772830,7406580806494,18527930900643,
565,5564,23799,64768,133307,268974,532964,1081220,3235152,12358223,43913460,140333390,400392689,1035386007,2457056218,5666311766,13326536894,32623230228,80934330896,203612891882,508349263440,1246226865513,3019267093722,7372399522979,18424438685851,
521,5644,23880,64230,134331,269800,529807,1066960,3248578,12223043,43484821,139397277,397818018,1030656712,2461104311,5680162339,13320595049,32622231328,80854426409,202916610930,506555896691,1241596715707,3007064662548,7344044635274,18352194763024,
565,5564,23799,64768,133307,268974,532964,1081220,3235152,12358223,43913460,140333366,400392401,1035385743,2457064090,5666337706,13326498933,32622870153,80933649951,203614380226,508358014014,1246228507033,3019189612867,7372123798953,18423876834708,
521,5644,23880,64230,134331,269800,529807,1066960,3248578,12223043,43484821,139397277,397818018,1030656712,2461104311,5680162502,13320598998,32622266345,80854533604,202916323979,506553320563,1241595605069,3007100568572,7344176758112,18352373911938,
566,5572,23802,64760,133469,268226,533030,1084370,3237006,12347841,43865747,140232446,400055226,1033369123,2455736498,5674385067,13342208794,32659305814,81040912529,203771060269,509038059671,1249487511520,3029889147847,7406437389013,18527555235868,
525,5590,23949,64848,133739,267676,532712,1067689,3213982,12092273,43328473,138851481,397957925,1033464809,2467424168,5694301578,13348282834,32682177799,80957946662,203091938824,507307981818,1244190387772,3014715071185,7367093489664,18414648659681,
525,5590,23949,64848,133756,267772,533031,1069316,3223118,12118382,43375738,139053060,398474297,1034389644,2470126868,5701079718,13366412723,32733080765,81098504678,203487741288,508354616865,1246905953846,3022165078119,7387992754009,18473352655851,
526,5598,23952,64840,133903,266978,532964,1069237,3208991,12092693,43285176,138597629,397163629,1031012356,2464993829,5698868495,13363133036,32712782573,80954879716,202884890793,506887099575,1244150617032,3018351717181,7384593242085,18465285997395,
525,5590,23949,64848,133756,267772,533031,1069316,3223118,12118382,43375738,139053060,398474297,1034389644,2470126874,5701080203,13366421442,32733142166,81098645906,203487400562,508352602199,1246905835493,3022188587556,7388094305405,18473544679776,
526,5598,23952,64840,133903,266978,532964,1069237,3208991,12092693,43285176,138597629,397163629,1031012356,2464993829,5698868495,13363133036,32712782637,80954882055,202884925613,506887348155,1244151239630,3018349247319,7384573701281,18465259239961,
525,5590,23949,64848,133739,267676,532712,1067689,3213982,12092273,43328473,138851481,397957925,1033464809,2467424174,5694302063,13348291553,32682239207,80958088901,203091622300,507306191176,1244190971482,3014736421414,7367175011380,18414813385742,
567,5588,23790,64990,133090,267194,534188,1083721,3249394,12376047,43987671,140243836,399566166,1033171056,2460921092,5696145899,13422355401,32910260915,81659371377,205067876811,511686458618,1255135021133,3044368400396,7451923037726,18673096146855,
567,5588,23790,64990,133107,267290,534482,1084963,3256652,12399241,44031276,140425588,400091472,1034190001,2463311059,5700912368,13431572514,32930827725,81722970394,205287693662,512363348001,1257201196135,3050645472122,7470561652309,18728554031030,
538,5638,23816,64680,133895,267634,532316,1073207,3243565,12246619,43534784,139072555,396678457,1028377258,2463019229,5702520377,13399387521,32854951833,81377679655,203859660834,508542387254,1246889370507,3024859694355,7407055954226,18548854924614,
567,5588,23790,64990,133107,267290,534482,1084963,3256652,12399241,44031276,140425572,400091280,1034189825,2463316313,5700930078,13431554185,32930635230,81722645785,205288786581,512370037632,1257209289322,3050618847912,7470455479718,18728326977299,
