4,5,6,7,8,9,10,11,12,13,14,15,16,17,18,19,20,21,22,23,24,
192,1024,2236,7288,40581,256344,1131708,4203648,16679988,72713960,320353671,1340074678,5398085997,21705072064,87961046685,355450428398,1421067757249,5616020391636,22035814602142,86086106820196,334508842034966,
201,988,2251,7054,42870,257128,1123453,4164110,16709092,73607872,321595529,1339147090,5392579013,21758539984,88327488947,356427274162,1423002406140,5622965092704,22077809512349,86285170397954,335236731825508,
192,1024,2238,7276,40493,256096,1133059,4203562,16668985,72688476,320338426,1340929996,5400637254,21716830080,88016102790,355673636812,1422184186794,5620911324952,22057502207556,86178923679016,334901250960284,
192,1024,2228,7288,40440,255416,1131427,4191210,16628111,72468172,319203205,1336222674,5378263955,21624097496,87626868840,354051797224,1415625438236,5594009316072,21949419323836,85743712799032,333150970308648,
198,1000,2237,7162,41865,255672,1120410,4161252,16591930,72723344,318279839,1326779438,5338351770,21493721264,87149141671,351609016130,1403523678441,5543200606796,21751389953079,84957582348766,329900730297841,
198,1000,2192,7216,42260,256680,1117416,4147680,16691864,73211400,319818861,1332456610,5368608704,21659141040,87859358973,354520348278,1416005980582,5596095756248,21969772998201,85838961982522,333471692653963,
198,1000,2186,7228,42244,256320,1116119,4143802,16680714,73113504,319399877,1331051458,5362937146,21631990424,87740006530,354083120212,1414392306089,5589426633796,21941133100809,85724965300306,333046250124080,
192,1024,2248,7264,40701,257416,1137346,4220540,16751838,73154472,322705524,1350671232,5442239871,21892646616,88780216038,358970409692,1435731408341,5675914883860,22277643610332,87059822088936,338413153472070,
192,1024,2228,7288,40497,255920,1132233,4189414,16636578,72639400,319959685,1337974426,5382871720,21655910664,87828165757,354890446094,1418487142539,5603926820924,21990263556546,85927828722140,333916822527148,
192,1024,2252,7264,40693,257264,1134556,4216944,16717556,72951552,321634428,1344918576,5417217378,21779256920,88290105376,356894810600,1426810179338,5638622152496,22123624873946,86432844598780,335883985628606,
201,988,2224,7072,43013,256928,1119699,4147146,16701610,73560928,321043048,1336148128,5381294324,21725637496,88211380048,355971704384,1421326441943,5617051878708,22057991649135,86213387273062,334989718109210,
198,1000,2240,7120,42055,257016,1124344,4169376,16645048,73210920,320669485,1336566506,5377834263,21673344488,87980363909,355232565926,1418742230628,5605834661696,22007049204563,85995553289454,334102121128121,
201,988,2260,7000,42920,257472,1125405,4166430,16698716,73673072,322052375,1341074806,5398018519,21777326600,88437461294,357019238700,1425711976293,5634271043372,22122334271848,86457124856856,335937506446681,
201,988,2252,7024,43000,257800,1123519,4165642,16728479,73771420,322269852,1341481040,5402461700,21803943760,88535356671,357398912930,1427286107730,5641104704496,22150834376578,86569334686020,336387939757460,
198,1000,2228,7144,42120,257112,1123329,4165358,16660605,73234708,320702970,1336647636,5378832685,21677681624,87982219443,355247485186,1418965379998,5606678467304,22008142571365,85992713158922,334090325946280,
198,1000,2236,7120,42024,256928,1126183,4171234,16641526,73259712,321090889,1339063762,5387066162,21709885480,88147278298,355961299556,1421940893918,5618794885128,22057117500919,86195096506358,334923163663766,
192,1024,2262,7228,40428,256360,1137265,4219006,16665168,72731328,321136820,1345482600,5418123426,21773456888,88272144646,356923550164,1427630445438,5642797741024,22143734730708,86534366147400,336377579553632,
198,1000,2201,7234,42105,256408,1118374,4153332,16681697,73162916,319893692,1332797112,5368582618,21656532968,87873059827,354602749050,1416010814906,5595130614768,21967512917668,85848988372288,333537826018067,
195,1012,2130,7420,41787,256328,1112602,4137684,16731948,73130776,319315024,1329817648,5364104623,21660681896,87855850996,354400349240,1415674172738,5596940594128,21981605275876,85900091464400,333700715361538,
195,1012,2128,7408,41464,254936,1112281,4123414,16623983,72576108,317415639,1323359142,5328465670,21492942808,87165533290,351709286364,1404884536760,5550871362112,21791626705436,85149561932168,330784451684831,
195,1012,2134,7420,41726,256312,1112761,4143350,16735554,73031736,319187385,1330303298,5367662646,21657367296,87789513803,354237806138,1415407513814,5595646079096,21969634621056,85838230635168,333497317691431,
195,1012,2176,7336,41559,257232,1121202,4173244,16744166,73318272,321580284,1341792808,5411628773,21820364008,88548862838,357746741292,1430324492572,5655351363840,22204300142118,86788160901188,337401907840890,
195,1012,2130,7420,41670,255952,1112802,4137428,16711860,72932192,318796839,1329025278,5360242669,21626277512,87675102716,353779241792,1413553587062,5587373186080,21935598238276,85707936119552,332991365584183,
195,1012,2132,7408,41577,255856,1112952,4130712,16675222,72823968,318505663,1327266678,5347042683,21573122784,87492042307,353087676338,1410510711977,5573981835428,21883752319852,85507733613096,332179231252215,
195,1012,2188,7312,41389,256048,1117964,4159472,16628988,72681112,318405986,1327622636,5346707131,21525699608,87256561872,352152938728,1406513241645,5556794606596,21804522685735,85162650202702,330755172498891,
198,1000,2172,7264,42454,256656,1113463,4139042,16726346,73319704,319754476,1330901160,5365767548,21667904688,87903475649,354619663462,1416176556512,5597681284752,21983597218230,85913195861660,333777075268980,
198,1000,2248,7120,42183,257776,1125786,4182804,16699427,73513332,322045834,1341679084,5402321853,21778043584,88417662118,357040998348,1426059018344,5635962613576,22127735785032,86473838339936,336007746730110,
195,1012,2118,7444,41684,256104,1113592,4138656,16746223,73067108,319654542,1333391324,5379986204,21716055184,88060687475,355496126530,1421049889356,5618606463384,22062354456648,86224737708136,335134842199238,
198,1000,2188,7216,42173,255648,1114793,4136086,16619396,72876128,318140097,1325306186,5336007287,21521144048,87293873862,352109987196,1405771851243,5553744423892,21800982605494,85176740451500,330832934333530,
201,988,2250,7036,43084,257840,1120665,4159542,16725005,73710116,321491369,1336663234,5384176327,21733095968,88210387403,355835783602,1420215186514,5611981329824,22033826921865,86089373550546,334385398157883,
201,988,2226,7060,42970,256424,1117649,4133382,16648049,73316796,319558590,1328735428,5346596067,21580575024,87590291468,353216859336,1409474191887,5567668558332,21856478848101,85389966828138,331610135380975,
201,988,2238,7060,43049,257200,1118176,4151880,16699962,73580248,320844589,1333903402,5373338020,21692038648,88059427608,355265926144,1417964414504,5603186169456,22001313854716,85977853656200,334008793793472,
195,1012,2130,7420,41501,254704,1108981,4126614,16644781,72460804,316497940,1319629024,5320909154,21456639680,86924857142,350605472540,1400493402027,5534909485556,21726557068326,84863834001644,329598634045074,
198,1000,2228,7144,42014,255792,1117887,4152538,16586295,72737452,318008902,1325024868,5332498833,21479260960,87096469600,351392125440,1402757614233,5540773903292,21743793678832,84934074654072,329857902012854,
198,1000,2232,7144,42155,256880,1121127,4169066,16666743,73239412,320450868,1335195488,5378869384,21686604776,88019770976,355348950416,1419325882960,5609886104104,22027457544648,86085977958504,334497756701658,
195,1012,2144,7384,41484,255704,1114340,4139840,16672132,72810408,318604664,1328700016,5355369408,21601731744,87601344674,353531301132,1412456127598,5582827693680,21921764936805,85666960739906,332827047485099,
198,1000,2240,7120,42007,256176,1122459,4169618,16617599,72978820,319578021,1333086138,5366879212,21615749656,87697292042,354050586372,1414181375162,5588015254896,21933639992112,85703239862800,332979687807524,
198,1000,2192,7216,42158,255552,1113911,4138986,16626312,72831960,317857410,1323983204,5332704851,21503420184,87190609812,351668811360,1404106263043,5547991358340,21777947943406,85070830418540,330389375989176,
198,1000,2168,7264,42398,256256,1114340,4139968,16720500,73303280,319786901,1332188018,5371401862,21687638032,87986305464,354972145168,1417908919562,5605380801048,22013854364229,86032629812674,334256949570728,
198,1000,2174,7252,42271,255928,1114359,4140082,16678465,73096604,319069920,1329544720,5358159529,21620408296,87701432459,353832374890,1413203729010,5585456046744,21930243010870,85692683874028,332906374570270,
201,988,2282,6964,42924,257992,1127799,4178570,16711826,73786072,322908664,1344404232,5412225386,21830660128,88684397922,358106895692,1429852173265,5650568809652,22190357596687,86747603567534,337109695679899,
198,1000,2186,7228,42311,256152,1115600,4147032,16689547,73204476,319470246,1331217692,5365722651,21650374544,87829615186,354364103364,1415458973042,5594914505536,21968013752746,85842741790020,333507476460278,
198,1000,2172,7264,42384,255616,1110431,4136258,16674263,73013660,318102487,1324497046,5341397361,21551787976,87384022193,352397880902,1407155423870,5561558641984,21833259585444,85296688397008,331319952565796,
198,1000,2231,7174,42061,256488,1121865,4172862,16671649,73173204,320280029,1335506946,5379936676,21682910248,87971809734,355089740844,1418194327429,5604578590932,22002648469342,85979207178740,334041772475361,
198,1000,2199,7246,42200,256192,1116128,4159536,16709895,73148140,319607017,1332351066,5373321752,21671448584,87878060118,354649131772,1416661061292,5599473279024,21982577895652,85894545080008,333744323168754,
198,1000,2183,7270,42199,255544,1112004,4139384,16674980,72900432,317924947,1324371558,5339436702,21538832024,87297334470,352034957748,1405653339543,5554664123572,21804931223094,85179531762180,330825344441054,
198,1000,2187,7270,42214,256088,1115302,4156876,16727811,73199676,319700355,1333153678,5379330476,21700268024,87985291002,355056092252,1418575717615,5607759307412,22016328136737,86033566415250,334321792837148,
201,988,2288,6952,42778,257032,1124620,4168584,16631985,73272372,320277833,1333171114,5363047091,21606982472,87662017437,353708661406,1411730151654,5576535763520,21884553586032,85476540616832,331938949011836,
201,988,2246,7036,42959,256368,1116422,4146076,16644708,73231384,319179930,1327339252,5344807112,21557586872,87461473426,352744316276,1407659405678,5561087826120,21828892525692,85276977960472,331199098006392,
198,1000,2213,7210,42096,256680,1119453,4161902,16696745,73223836,320262106,1334960764,5380088973,21699903672,88036081081,355291592390,1418941908029,5607685063428,22020099514817,86067343501930,334417230297241,
198,1000,2244,7120,42027,256744,1122970,4168380,16627401,73051708,319822116,1332587280,5362738703,21606522528,87663005379,353808039426,1412696230004,5581724157192,21909609086704,85590149946992,332434364661652,
198,1000,2199,7246,42185,256192,1115800,4154864,16700849,73134924,319465031,1331202902,5367560394,21651801776,87817025464,354349639352,1415179359504,5593093692872,21960900697626,85824863965380,333457856398720,
198,1000,2213,7210,42032,256160,1118832,4160648,16668132,73023928,319297562,1331485020,5365619137,21629821008,87705030050,353889818124,1413462045327,5586034648492,21929082236690,85678997126388,332835464129880,
201,988,2228,7072,42976,256064,1114511,4139290,16651599,73188156,318925237,1326561834,5343463932,21556831896,87459562146,352767368580,1407989698141,5562928472268,21837429406466,85317236247996,331391262455760,
198,1000,2169,7282,42153,255280,1114231,4133290,16673307,72924972,318309584,1327205368,5348069556,21581953640,87499635960,352939502824,1409739198824,5571207181744,21873670329184,85469707059592,332025537016724,
198,1000,2192,7216,42247,256376,1118143,4154954,16696144,73266376,320178255,1335193998,5381335594,21706991496,88074814721,355499515318,1420330885816,5613937895592,22040455161023,86132452586110,334711344673925,
198,1000,2201,7234,42078,255968,1117087,4155554,16681607,73049292,319348802,1331829156,5367466843,21642217392,87773350196,354273843200,1415238327968,5592806638152,21955877809173,85798386525570,333377857772474,
201,988,2300,6928,42779,257496,1129314,4186036,16673490,73580912,322345019,1343183918,5405910992,21786079640,88476593126,357384239996,1427409840452,5641019695840,22147289914127,86562996240582,336418723544669,
198,1000,2200,7216,42198,255800,1113199,4148114,16647394,72896848,318169170,1325297524,5341494772,21534502176,87309842653,352245843182,1406602891899,5558485172388,21819053013288,85239332124144,331111858488096,
201,988,2234,7060,43162,257288,1118225,4154102,16737311,73727212,321265795,1336333470,5386425623,21749979784,88284249378,356169918212,1422122394824,5621446404912,22075966173020,86272791753176,335178564863942,
201,988,2246,7036,42937,256344,1117600,4149584,16647984,73207584,319147343,1328104462,5347753608,21560840408,87444305004,352661152624,1407576867183,5560991320212,21825358839021,85244393082610,331025689260829,
198,1000,2182,7228,42167,255568,1113783,4130218,16621199,72831724,317855255,1323594470,5328719619,21494685216,87168221314,351558459084,1403571084032,5545309993040,21767139813354,85028408795724,330213822716082,
198,1000,2183,7270,42143,255712,1114680,4147568,16696000,73030064,318972278,1330014716,5362782328,21631854984,87707107209,353930590062,1413976106055,5588918798084,21942897546364,85744351518056,333154041043265,
198,1000,2179,7270,42045,255216,1113866,4135156,16642504,72777632,317921221,1324999042,5337202663,21528412944,87293596480,352190027776,1406550460149,5557939562012,21819532296184,85251997415704,331174301385014,
195,1012,2290,7108,41377,258344,1137225,4216502,16726180,73476944,323532647,1350718854,5436551636,21889214896,88865703497,359189017886,1435099183464,5670405413864,22260166463744,87017264661904,338216074714488,
198,1000,2178,7252,42415,257088,1116827,4146866,16737517,73515644,320932231,1336032102,5386049311,21754552032,88299201852,356263920592,1422771243473,5623907360036,22086880003232,86327249925496,335437787471829,
198,1000,2192,7216,42270,256816,1117073,4142046,16675802,73297808,320105582,1331837676,5363480025,21657660928,87929279903,354726536066,1415978772417,5595088131620,21973639343467,85886220582654,333659178992968,
198,1000,2233,7162,41972,256552,1122087,4159058,16622893,73021460,319616824,1331278608,5355399545,21583624912,87584718107,353423422114,1410797785548,5571991215168,21867503872760,85431887413848,331830070284754,
198,1000,2183,7270,42194,255712,1112642,4131612,16644074,72884416,317811889,1322220642,5324145841,21480219976,87090437024,351094656976,1401086974853,5534308421884,21721583386726,84842290803476,329428926636777,
195,1012,2298,7084,41270,257792,1138586,4214276,16679408,73310288,322786612,1348014912,5421628442,21822081592,88596715754,358036012292,1430409330898,5651625910128,22184405663900,86700562970088,336906121543348,
195,1012,2112,7456,41652,254728,1106290,4111252,16642881,72524356,316200896,1316244512,5305157448,21409759272,86758181833,349711700342,1396105106649,5515950087228,21650331997770,84558462827908,328332374602686,
195,1012,2144,7384,41447,254920,1110795,4123290,16585794,72403848,316244725,1316938546,5302504129,21375597176,86638367869,349271110662,1394100759758,5506404650160,21608299014441,84389278830714,327645855174404,
195,1012,2282,7108,41205,256632,1132259,4187930,16598108,72777344,319754626,1333942764,5361275348,21572828704,87502217484,353254141592,1410468552322,5571073211960,21860725528516,85376990113376,331524008759664,
192,1024,2238,7276,40505,255464,1127612,4181312,16588895,72331612,318041332,1327901856,5343539855,21492148472,87099999591,351637524146,1404558584688,5548643175512,21770067542674,85018114257204,330166386675024,
195,1012,2282,7108,41204,256512,1131988,4184720,16589079,72748236,319610203,1332961406,5356046649,21552224088,87435656867,352976943418,1409133799787,5564944086052,21836678315805,85290752262010,331192106913206,
201,988,2242,7036,43074,256888,1116598,4132468,16649056,73354432,319357166,1325621324,5334077700,21534996000,87399476452,352260763496,1404994325762,5549913239376,21786558880770,85092941042908,330344946666040,
194,1016,2274,7148,40899,256128,1131858,4184252,16579804,72539064,318851948,1330905912,5349203267,21515334744,87227093727,352102777546,1405985337770,5552941144160,21785830243114,85070895843332,330300686988137,
198,1000,2237,7122,42154,257000,1123999,4163378,16670109,73328212,320747537,1336276058,5378971086,21696476768,88067975602,355405480396,1419114415403,5607379627532,22014738937271,86024535519062,334190134423340,
201,988,2260,7000,42831,256080,1117315,4136274,16564893,72903244,317693298,1319693964,5305834230,21390712944,86760995795,349663289962,1394366822286,5506022174800,21605097261674,84358806952988,327434239230877,
198,1000,2236,7120,42100,256416,1120620,4146672,16605392,72937232,318698163,1326045294,5332961981,21501571392,87226187415,351765802442,1403704324468,5544503652600,21761725317246,84992216415332,329973292005045,
201,988,2246,7036,42871,255984,1114060,4130272,16578311,72894252,317379982,1317948076,5301252058,21379486016,86700703955,349399476178,1393317476676,5502021444864,21590191980418,84301958053652,327226966482725,
198,1000,2218,7156,42206,256152,1118812,4139784,16622193,72985788,318520685,1325096786,5331511372,21508747720,87249989494,351751340836,1403681181154,5545478061600,21768693422716,85021517087768,330077832015836,
201,988,2310,6892,42689,257568,1131419,4176642,16625005,73443340,321902646,1340420804,5386144263,21702858584,88154880641,355943509886,1420661473810,5611211567496,22027573608640,86084152949160,334410575292516,
201,988,2334,6844,42533,256616,1130478,4165524,16530672,72924888,319270080,1327978608,5329363348,21452792272,87060261691,351211539122,1400750076303,5529398160564,21691299693401,84698844670162,328799406173763,
201,988,2224,7072,43028,256752,1117049,4138246,16681546,73405936,319907668,1330158504,5356994557,21627983912,87775567699,353990287242,1412919329349,5583488172092,21923437471676,85654338707920,332669414479114,
204,976,2316,6808,43645,258584,1131099,4168162,16716551,74066452,323781748,1345052888,5409507503,21839240992,88771711626,358268697804,1429581530181,5648821051812,22185280605494,86709861621300,336843196553950,
197,1004,2180,7256,41900,255624,1115884,4132864,16614506,72799016,318081494,1324912444,5332027703,21507224728,87236893220,351887192168,1404846003910,5549538304040,21783338601363,85102782123462,330533903105761,
195,1012,2188,7312,41357,255824,1116805,4150054,16594653,72550404,317590860,1322775208,5324583064,21445174416,86935941513,350655262694,1399719967497,5528931829236,21696105453064,84730736880480,328985056991132,
198,1000,2186,7228,42357,256648,1114940,4138304,16679229,73236364,319374908,1328526144,5352122208,21606511032,87669357231,353539170066,1411334417738,5577589271856,21900991177825,85568458185882,332326381717568,
195,1012,2132,7408,41486,254520,1107855,4115882,16589821,72318060,315606176,1314454456,5294974809,21350374664,86512244088,348757675496,1392274024787,5499705049420,21582679095386,84291801570972,327301563775329,
198,1000,2187,7270,42215,256120,1113381,4142014,16688519,73015228,318561666,1326395348,5346831408,21573036768,87452350664,352674337360,1408095256504,5564035306520,21841535658616,85325957076712,331426107311470,
195,1012,2130,7420,41550,254904,1107649,4114934,16616695,72423084,316040917,1315416450,5299244581,21376431872,86618895934,349172255164,1393729550804,5505543995952,21608887675852,84397921892592,327699758256518,
198,1000,2199,7246,42297,257288,1118056,4156416,16746182,73428680,320736685,1335251250,5383394198,21732255400,88163287484,355683097616,1420341203486,5614048894592,22046061697508,86152086853688,334699577802660,
195,1012,2176,7312,41383,256544,1121126,4152420,16634548,72926152,319539589,1331852834,5360437465,21613919744,87707817675,353874811146,1413138362848,5584046244744,21923739447737,85657753554674,332670049906714,
195,1012,2136,7408,41568,255552,1111083,4129602,16653216,72701368,317517884,1322278240,5329101038,21498464600,87143749896,351378793352,1402950725467,5543716562108,21761770769789,85004495322034,330100049283296,
198,1000,2218,7156,42219,257152,1121840,4153576,16665933,73339852,320598552,1334535928,5370949403,21670788272,87974827502,354925054172,1416921040033,5598813603748,21983133942901,85896977635434,333626116708150,
198,1000,2232,7072,42399,256528,1120516,4148232,16635008,73187112,319626925,1330158162,5354687540,21598347952,87640820230,353507370828,1410932306925,5574255738972,21882179922862,85495175696508,332059987893322,
198,1000,2222,7156,42265,257904,1123247,4162122,16694660,73536264,321646875,1338441846,5387534511,21742106896,88297791221,356302408438,1422288217707,5619969651684,22069812577099,86256764132270,335062593115476,
195,1012,2190,7300,41266,255120,1117624,4147640,16576354,72401536,316997061,1321836066,5320800900,21428243360,86835113281,350294666414,1398836913882,5526169814544,21683238511304,84671673907648,328785791436156,
194,1016,2282,7148,40873,256296,1133667,4206474,16605934,72630080,319786998,1336399764,5376289725,21607763584,87598340897,353879601062,1414020569447,5587249201020,21922230540167,85617359778726,332547662941887,
192,1024,2200,7360,40573,255208,1124120,4178760,16639424,72401392,318332655,1330360822,5360137571,21562743064,87365239157,352864116638,1410410534441,5574233435028,21873899086764,85442347955144,331933952395678,
194,1016,2228,7232,40927,254832,1123169,4153158,16528183,72131812,316286476,1319748816,5304379276,21338888944,86467337754,348874013324,1392991374969,5500296179844,21574260193589,84232391184442,327028808580968,
194,1016,2282,7148,40892,256376,1134103,4212434,16621448,72755672,320436514,1339462620,5391073264,21671307240,87874857588,355085815704,1419162750144,5608554498880,22007206152080,85961514639840,333973280959512,
192,1024,2198,7348,40486,254664,1124732,4166728,16583845,72192908,317402846,1326609316,5338713676,21475722640,87019475564,351404518560,1404407206316,5549080580328,21773431911008,85040206732168,330312330992312,
194,1016,2232,7232,40980,255288,1124350,4163916,16558786,72307472,317133491,1323124494,5321207295,21409620720,86759986301,350095765374,1398084205678,5522165867304,21663425668208,84585056636800,328431126706748,
194,1016,2234,7220,40937,255664,1129861,4176766,16601028,72597864,318973264,1333016456,5362093992,21580621584,87503533612,353284918512,1411678599458,5578175073600,21891731257468,85511034549376,332140221462304,
192,1024,2196,7360,40535,254800,1122386,4167788,16606460,72220192,317320693,1325768354,5339419930,21481060208,87024318272,351374917200,1404209363737,5548642325268,21771814334704,85032138773040,330279837546692,
194,1016,2278,7148,40841,256040,1133080,4200592,16580814,72558360,319451374,1334925076,5367803869,21572268696,87472705003,353374950274,1411909021178,5578059649960,21884860085510,85472587315132,331979453511603,
192,1024,2234,7276,40363,255488,1131001,4187414,16579328,72296816,318537105,1332349546,5359346687,21537248952,87282574185,352564743246,1409161814145,5567391277812,21841949995114,85306157437660,331346363945552,
192,1024,2192,7360,40552,255008,1123052,4157440,16587888,72202104,317081577,1323701506,5326214908,21437716264,86872398578,350616057988,1400547737766,5532895740984,21710360187180,84782276335960,329214823458830,
194,1016,2234,7220,40974,255704,1128207,4170866,16596582,72594568,319017670,1332165812,5356299536,21561559704,87468132310,353240137836,1411082886306,5574161744408,21878763859336,85487532593928,332086717426804,
194,1016,2232,7232,41019,255648,1126393,4175438,16616572,72580624,318554369,1330231818,5354531800,21554108176,87369298427,352692769034,1409126123790,5568522553496,21854756770529,85361974853002,331529349321854,
192,1024,2192,7360,40519,255144,1126882,4173068,16635232,72416664,318653421,1333054594,5367300882,21598744912,87529542391,353571415722,1413539504848,5586244861968,21923801432646,85654005260708,332793272961496,
194,1016,2270,7148,40763,255800,1133022,4185716,16540860,72432464,318911613,1332325202,5351361677,21510824440,87254618833,352455402926,1407927442381,5560470514260,21815681038837,85208348545954,330930617966648,
192,1024,2242,7276,40498,256344,1133109,4207614,16656350,72669008,320451062,1340759444,5399373569,21703941096,87982178509,355599559310,1421816638120,5619769954720,22053053342769,86157490573042,334788505262932,
192,1024,2202,7348,40609,255392,1124426,4171132,16618220,72365544,317826216,1326944824,5343296878,21506540328,87146998175,351744434610,1405222211873,5552979573492,21791341380250,85101204524036,330478002599060,
194,1016,2242,7220,41049,256272,1129059,4185826,16643818,72794224,319961446,1336049108,5376853186,21646305128,87801639276,354636948040,1416735045320,5598041287248,21975854660660,85872103948184,333602050933796,
198,1000,2236,7120,42081,257128,1124126,4163580,16634785,73239356,320594130,1335155396,5371309171,21656495128,87916092583,354775586594,1416368256977,5596409873516,21971875242787,85849972351854,333451534334743,
198,1000,2182,7252,42340,256352,1112840,4140696,16689777,73143212,318916615,1327204638,5350035640,21590919624,87553723229,353108238694,1409841407463,5571714541876,21873960395678,85454592570748,331922645436550,
198,1000,2223,7174,41951,256008,1120182,4151228,16608699,72871460,318746833,1328049818,5343218360,21536034848,87360405504,352420683016,1406847535265,5557068056124,21811347899508,85211465492984,330946772737856,
198,1000,2182,7252,42408,256672,1113497,4144766,16717581,73274612,319499063,1329838774,5362438485,21643766040,87770740826,354036162012,1413817932096,5588143210880,21939319168502,85714163294516,332968201332846,
201,988,2264,7000,42950,257800,1122887,4161666,16697421,73659908,321762297,1338092274,5386807261,21741523760,88295392057,356328833398,1422336775574,5620402987024,22070948018711,86259826167350,335130995724016,
198,1000,2232,7144,42108,256520,1121371,4165050,16637160,73067240,319607919,1331851726,5362204230,21608102568,87655376866,353715583148,1412421231615,5581138353860,21907102745041,85581479955898,332414732466428,
201,988,2261,7042,42886,257056,1120388,4163480,16694119,73432788,320530266,1333847260,5372836077,21671850416,87932435380,354739905544,1415996839195,5595036437180,21965932642941,85826755384106,333384383260170,
201,988,2274,6964,42782,257136,1125635,4161434,16628300,73379040,320833903,1335319302,5369563164,21648453640,87893257632,354674444504,1415651366418,5592527094232,21952428837442,85765841630772,333122268030218,
201,988,2250,7036,43092,257224,1116544,4146744,16667418,73439616,319763690,1327508772,5345537952,21577144160,87568035966,353036066204,1408266357111,5563913552164,21842672300466,85316696174660,331259177510570,
201,988,2284,6952,42734,256424,1120677,4143326,16548692,72901984,318214580,1321982664,5310726322,21399820392,86837721786,350145866468,1396323978456,5512536324736,21628924854067,84461444659694,327878022889695,
198,1000,2212,7120,42633,256184,1113530,4133916,16639368,73086960,318151382,1321572572,5324440616,21488576232,87150197060,351279120848,1401604332044,5538347078920,21740031492466,84903054694228,329649166718852,
201,988,2301,6946,42585,256672,1124419,4158354,16568869,72968132,318947991,1326025126,5327647789,21460355360,87071149869,351176987622,1400792530719,5530620859276,21698104802988,84723882590088,328905060931868,
197,1004,2216,7184,41863,256688,1121381,4156462,16634627,73076292,319808360,1332201840,5362308527,21623707680,87767984944,354211759616,1414560904575,5590057426468,21946115983671,85743286988646,333060477662590,
194,1016,2232,7232,40931,254832,1123579,4164178,16552468,72234336,316947508,1322846344,5320339967,21400929448,86715272870,349944117836,1397346533322,5518708178848,21649968949750,84537517909396,328230756861350,
192,1024,2188,7360,40466,254680,1125603,4162634,16596130,72258568,317809972,1329170152,5348281643,21519972504,87208306206,352188711588,1407781438533,5561989794860,21824705752354,85255330165188,331202029077206,
194,1016,2278,7148,40802,255624,1131204,4193680,16555103,72342764,318176611,1329543414,5345886051,21476361992,87013821038,351294733364,1403192351362,5542224334256,21737546215862,84864398559316,329496577275816,
192,1024,2192,7360,40421,253784,1120519,4154682,16538102,71819544,315402002,1318179972,5304064558,21320725408,86306255138,348313999708,1391510158935,5495791581924,21554431642292,84147155441384,326709819104533,
194,1016,2232,7232,40947,255088,1124894,4168916,16570448,72358928,317593098,1326108220,5334739713,21462182520,86981709950,351105660588,1402489309275,5540455122300,21738174006352,84890811567744,329660028495900,
192,1024,2192,7360,40504,254752,1124474,4166932,16603770,72227840,317504913,1327725834,5345410085,21504659520,87115956980,351757852168,1405927501342,5555017567184,21795947854872,85129820857280,330670524460822,
194,1016,2240,7232,40988,255208,1123343,4178618,16592612,72343120,317355349,1325021730,5335659516,21455204696,86890664005,350648338310,1400517887210,5533036000472,21705273936363,84740291808494,329019936357155,
192,1024,2194,7348,40368,253832,1122722,4152620,16520790,71826576,315523260,1318808072,5302939962,21319394384,86325545118,348349239524,1391628662472,5496096543968,21557341307604,84161197854872,326744182283028,
194,1016,2234,7220,40949,255352,1125676,4159920,16542693,72334836,317307484,1323565624,5319363698,21408642416,86798814723,350231613906,1398382905314,5522695844912,21668227270880,84614418953672,328530268377872,
192,1024,2206,7348,40582,255344,1121939,4165098,16592126,72230800,317074567,1322496934,5324358135,21423496304,86791339388,350235615216,1398741409082,5525674304776,21678231880872,84642926704896,328663621985402,
194,1016,2234,7220,40979,255736,1128463,4173154,16600408,72635304,319066520,1332607920,5359634026,21575677208,87512169018,353360232028,1411809322026,5577884297360,21891104967996,85520333754352,332211472001864,
192,1024,2240,7264,40522,256048,1132278,4195460,16621566,72581336,319509972,1336061128,5377979784,21629554144,87684673540,354182326168,1415865698416,5595944675376,21960373564648,85779119644128,333221563151392,
194,1016,2238,7220,40962,255256,1126343,4173570,16581410,72406776,317881965,1327641106,5340439005,21482787920,87063293808,351450507352,1403903340708,5545981606448,21760363048882,84980165400108,330005416390888,
192,1024,2246,7276,40532,256048,1130669,4208622,16643586,72557424,319588120,1336429448,5384378721,21638506624,87674425355,354184215922,1415767071356,5595912411560,21957002419252,85758748040904,333141750226444,
195,1012,2218,7228,41199,256168,1125370,4163788,16587431,72656684,318843270,1330564540,5351061119,21539326232,87337702077,352517854694,1408052005878,5561745551536,21820866571310,85221411572836,330978060140963,
194,1016,2228,7232,40914,254712,1123346,4156852,16542131,72185172,316629205,1321699650,5313819928,21376849560,86620811153,349523547302,1395726523904,5511676394136,21621936781540,84428835293248,327801296934966,
192,1024,2192,7360,40513,254920,1125813,4171974,16623648,72345624,318194763,1331034214,5359661414,21563594168,87365850871,352845930290,1410529182622,5573831908024,21871706593148,85438031559280,331924464094872,
194,1016,2232,7232,40961,255232,1125478,4170964,16582058,72403800,317790418,1327147692,5339571104,21483201440,87062516378,351424748772,1403901853996,5546506012896,21762763038784,84986961332784,330037406455348,
192,1024,2192,7360,40504,254848,1125068,4167704,16604726,72270984,317753724,1328579152,5348365576,21518843728,87186841134,352069011820,1407238540182,5560682341640,21819801452152,85226588396384,331065648257092,
192,1024,2202,7348,40515,254576,1120114,4153932,16544903,71955156,315684772,1316734632,5298197850,21311288616,86305034218,348144363284,1390009361186,5489509816968,21531710942114,84054041061532,326300867855846,
194,1016,2228,7232,40893,254704,1123614,4153620,16517605,72115828,316254958,1319626284,5303342883,21336216816,86467591266,348843911108,1392778306682,5499679731984,21573726203472,84236099556288,327047157861008,
194,1016,2282,7148,40928,256312,1132405,4201534,16598004,72648928,319623726,1334544332,5367347369,21576750904,87490135226,353354941244,1411421713633,5576018060636,21878630961674,85448951607556,331859553727678,
192,1024,2242,7276,40512,255984,1130906,4201452,16631196,72528096,319438944,1335691544,5378507987,21618853112,87610107156,353909524120,1414583809827,5590623137196,21936972479664,85683301367936,332839747131844,
192,1024,2200,7360,40593,255400,1122526,4169220,16613713,72324724,317654487,1325466374,5338294130,21486005208,87056889992,351394065272,1403659525566,5546444767360,21764871726458,84995089062372,330069405061968,
194,1016,2228,7232,41013,255600,1125533,4164030,16591118,72539416,318341094,1328616052,5343861533,21517714032,87264979106,352266225212,1406994030273,5557584938372,21809537267067,85196973814286,330923547580278,
194,1016,2278,7148,41056,257040,1134892,4207696,16653968,73031216,321374524,1342297848,5400720292,21733098672,88195820508,356316611672,1423610713320,5625692701504,22084485015016,86301425116208,335296115978824,
198,1000,2287,7038,41993,256800,1126711,4177266,16603387,73021660,319715906,1331256924,5354241208,21564654040,87487023233,352983227678,1408606813349,5563309716452,21831185815130,85268363392956,331121615016243,
198,1000,2281,7050,42097,257672,1127351,4178514,16648018,73346440,321136846,1336015476,5374680135,21667732208,87968382025,354966497270,1416509180722,5595855790248,21967759089334,85828905512964,333350293480302,
198,1000,2208,7192,42319,257000,1118554,4159076,16699477,73380476,320409909,1333994322,5376790205,21694873000,88027462010,355106850204,1418007086038,5605398555096,22010321515767,85998131147966,334046431113877,
198,1000,2190,7228,42218,255704,1111868,4132864,16621831,72815924,317387905,1320260690,5317618847,21448623840,86947542688,350477425192,1398624551419,5525562583948,21687394426295,84694638660774,328829648281209,
201,988,2234,7060,43051,257432,1119702,4150540,16718678,73667904,321356029,1336325786,5382867651,21738147144,88259716581,356075048838,1421450590150,5617996393032,22063174608947,86222990845262,334964513629732,
195,1012,2134,7420,41611,255352,1109113,4131022,16669412,72676488,317279896,1321583576,5330756715,21505551120,87149244281,351461494670,1403625496001,5547553201036,21777904066684,85075326550928,330454210559740,
198,1000,2231,7174,42035,256024,1118525,4155574,16615181,72835700,318270005,1325137442,5334426417,21493680800,87147356345,351444873734,1402600381605,5540305172412,21741779167157,84913481947570,329706344841869,
201,988,2264,7000,42959,257728,1122500,4161264,16694776,73638112,321593740,1337336536,5384407712,21731128336,88240442503,356077905930,1421330409427,5616535287236,22054670110629,86189046801314,334842195159216,
201,988,2250,7036,43047,257504,1119592,4155392,16702061,73597820,321024638,1334296692,5373782891,21691417232,88054014113,355218705870,1417751322382,5602660959176,21998560689946,85949168261940,333835389043938,
201,988,2238,7036,42901,256592,1119668,4139312,16637034,73280984,319660038,1329555100,5349359198,21584969496,87603575937,353296545518,1409956316153,5570114173012,21865785219414,85423550291756,331759887847552,
198,1000,2236,7120,42037,256720,1122977,4159294,16602019,73031396,319536705,1330948050,5352917532,21571333232,87531939916,353128856016,1409596148295,5568511656668,21856199933763,85375947381846,331549055854219,
201,988,2268,7000,42905,256984,1119901,4154654,16638562,73279168,319689222,1328737972,5346927389,21560671568,87478340474,352785221764,1407475920432,5559416127576,21818652061248,85215305448384,330887535902272,
198,1000,2239,7110,42085,256952,1127265,4163046,16659324,73296016,321024229,1338256018,5382932194,21708837400,88140563153,355831905678,1421071103467,5614501719700,22041662913028,86137889247736,334673660187374,
201,988,2238,7036,42924,256864,1120166,4141436,16654678,73378416,320140835,1331750726,5358221099,21623079352,87773792040,354066569720,1413161489181,5582453689724,21913022551878,85610365122580,332514299914767,
198,1000,2277,7050,42042,257544,1129269,4180278,16651346,73306856,321282912,1338696376,5384693992,21695949096,88070729993,355554585886,1419571514619,5607362921180,22007941238593,85989091802818,334044664084596,
198,1000,2277,7050,42143,258416,1131094,4185020,16700422,73657768,322917933,1344660242,5410320760,21819379664,88635514049,357902266838,1429024264530,5646335531328,22169894205940,86648365692192,336665153169475,
192,1024,2270,7204,40389,256456,1138466,4209692,16640462,72710440,320791494,1342557292,5401098771,21718265352,88072054259,355915796634,1422745849837,5622060595836,22063847861092,86207020790704,334954212753420,
192,1024,2236,7288,40616,256424,1130029,4196286,16668949,72700172,319988812,1336717704,5384093798,21659803976,87798398742,354669937108,1417390642312,5601310644832,21979870528248,85858427970560,333545330261140,
198,1000,2190,7228,42291,256584,1116880,4154968,16710332,73321480,320421784,1335525944,5384057532,21723946536,88153558348,355861523072,1421640581265,5618963187404,22062346080587,86232462135990,335142519848842,
201,988,2264,7000,42954,257536,1124604,4170568,16707168,73713600,322175663,1341432462,5402014845,21794056544,88501593713,357261589190,1426569962144,5637657212680,22135774470077,86516720901354,336198017845114,
201,988,2284,6952,42874,258192,1129179,4173802,16685213,73777044,322833822,1343104164,5401876747,21793679256,88550772881,357447097054,1426731013803,5637183173764,22134298489649,86501733139546,336047701474699,
192,1024,2224,7312,40695,256504,1130786,4202668,16718050,72926592,321105494,1342859676,5413901060,21788263288,88337819960,357003430960,1427480910794,5643067747968,22149451743778,86558852006244,336440976550208,
192,1024,2276,7192,40284,255640,1138257,4211734,16599009,72454852,319832219,1339894118,5388500746,21645574480,87736168852,354609977488,1417707875040,5601034646040,21974356357460,85844289203896,333546374165238,
195,1012,2140,7408,41684,256744,1114163,4145146,16740237,73158020,319931350,1332761700,5376358138,21700637256,88009732106,355144588260,1418673959902,5607767739824,22020380432601,86057125646258,334370186147599,
192,1024,2272,7216,40509,256896,1138236,4227224,16697518,72904944,321836666,1347706316,5427297752,21808645944,88403594254,357456704356,1429609385228,5650159145360,22168909821276,86617191580904,336658133644820,
198,1000,2186,7228,42397,256776,1116631,4141090,16697436,73351976,319977075,1331278198,5362262678,21650429368,87851926188,354309687152,1414519222472,5589992432256,21948452076012,85754613136592,333075254073408,
198,1000,2174,7252,42461,256528,1113696,4138768,16717542,73393400,319982948,1331566264,5368204212,21682068232,87998425146,354988316980,1417576995106,5603257321832,22005684029756,86008791138376,334184212448484,
201,988,2288,6952,42903,258424,1128383,4172218,16681491,73744836,322532368,1340897064,5391474884,21748352904,88342335431,356505855138,1422532655180,5619516208224,22062553511949,86207171798666,334827626601982,
200,992,2272,6992,42540,257288,1126487,4162818,16634109,73404028,321170410,1336539132,5374791289,21679204960,88053628418,355394466372,1418761389517,5605939315652,22009431178056,85997737171048,334066142854972,
201,988,2264,7000,42943,257640,1121893,4154518,16661677,73539604,321052222,1333864612,5365420018,21653969320,87946749399,354835063394,1415898596604,5594012086040,21964511128704,85819214968096,333304681643457,
201,988,2274,6964,42724,256272,1121076,4140616,16546616,72927720,318363569,1322978866,5314211059,21418789200,86933072823,350569533890,1398193533855,5520452024668,21662606059402,84605233326516,328472278262442,
201,988,2278,6964,42788,256880,1122270,4153316,16600791,73175044,319600550,1328749420,5342363249,21533931824,87395898457,352509995014,1406332851945,5553833677036,21795330655383,85129667954478,330554282866170,
198,1000,2268,7048,41946,256928,1129110,4170228,16609607,73146012,320690995,1336686654,5373577612,21651804896,87906680222,354886085220,1417034974165,5597876515236,21973226053819,85857908164934,333533385401273,
198,1000,2232,7144,42130,256688,1120850,4160924,16627564,73046704,319513287,1330704534,5355857275,21582387048,87564282948,353357506088,1410691600736,5572867514496,21872949808059,85455150886110,331944478923108,
201,988,2252,7024,43068,257976,1122753,4163286,16732193,73819620,322127177,1339711338,5395994181,21786191704,88472062460,356998422424,1425292059704,5633662509080,22124853517058,86463132922572,335894411505566,
198,1000,2204,7192,42218,256488,1116393,4143278,16636660,73070928,319103203,1327960470,5346452662,21566685472,87517063272,353048800120,1409227357118,5567041779304,21854552893140,85399106115024,331732028762080,
201,988,2264,7000,42925,257360,1122118,4157516,16665341,73479308,320728795,1333566118,5366625200,21651598128,87884542464,354488625056,1414555284483,5588660774500,21940351643805,85716229095338,332896580204088,
201,988,2256,7000,42791,256008,1116235,4126834,16548279,72828124,317324824,1317838600,5296005590,21353211888,86623350101,349121172574,1392127138971,5495918795628,21563535197326,84197116535476,326807606805440,
201,988,2289,6970,42695,257096,1123458,4152980,16607841,73185108,319654938,1328237836,5338630205,21524427368,87368406462,352347890364,1405494455781,5550262586236,21781941813453,85069821990122,330274102644381,
201,988,2232,7072,43014,256088,1111774,4131908,16624289,73029156,317735698,1319658708,5314250611,21440346104,86943911271,350443647914,1398022391304,5522461619560,21673286743987,84635220584926,328596933687114,
201,988,2233,7090,43035,256472,1113708,4132968,16667353,73216636,318471897,1322407442,5325888614,21501277720,87195874032,351394682696,1401866474008,5538340840696,21738896314226,84892699178260,329574099890248,
201,988,2246,7036,43032,257352,1120834,4153420,16706908,73622584,321392154,1336696172,5382395124,21727406640,88230893802,356066955420,1421338513126,5616375907544,22056100746594,86211798531564,334956943718906,
201,988,2228,7072,43110,256912,1116212,4144104,16706390,73490848,320191294,1331486740,5364901153,21658494080,87884288854,354486420444,1415058229881,5592046482004,21956441876850,85789297449324,333233681493724,
192,1024,2242,7276,40595,257040,1132982,4204964,16693035,72814236,320836266,1341369964,5403299055,21735851760,88115181792,356077534192,1423653601595,5627515240900,22085981683660,86282533606496,335246164210480,
195,1012,2280,7120,41309,257360,1133934,4202036,16673025,73057972,321198400,1341250208,5397221499,21721657696,88112890335,355955492098,1422410139807,5621217171820,22061701049999,86183247451462,334799361872442,
195,1012,2296,7072,41047,255800,1132969,4186902,16528395,72433780,318365160,1329409872,5337820511,21454286416,86998030067,351257561986,1402571393918,5537819798208,21721404842392,84820749917192,329365575259462,
194,1016,2278,7148,40848,255680,1130017,4189110,16552874,72284304,317842866,1327616388,5336191579,21441079304,86878009862,350785414468,1400985801800,5532610547128,21699500386554,84725297486436,329000740078286,
192,1024,2214,7324,40367,254128,1123145,4162638,16526905,71816540,315601381,1318587306,5303148898,21313517544,86297323359,348304845066,1391158251245,5493700882492,21545387657684,84113350695616,326596769573882,
198,1000,2186,7228,42361,256424,1113978,4134988,16664148,73136960,318908659,1326491046,5343035960,21566783304,87506399239,352879428818,1408484759702,5565305661744,21851917136295,85381550364886,331603233711206,
201,988,2226,7060,42929,255928,1114445,4121950,16606210,73011344,317905258,1321061540,5314402652,21442395088,86976923821,350563145686,1398420619672,5522735477992,21674462956553,84648660521010,328618482733600,
198,1000,2224,7144,42159,256904,1120388,4148824,16622813,73114724,319623077,1329746202,5349345848,21574825496,87577387993,353301838638,1410011427669,5569922731356,21867180830401,85440412717938,331824116912136,
201,988,2274,6964,42760,256880,1122308,4147312,16588672,73146288,319489828,1328204728,5337996579,21518604800,87344498633,352306456982,1405460391009,5549749213964,21778720180399,85065507238854,330297150754017,
201,988,2280,6952,42823,257672,1125624,4158072,16639448,73495312,321249556,1335504184,5368549642,21655732688,87960396481,354909758270,1416093871576,5593411320248,21958759367352,85796483391632,333202557100196,
198,1000,2230,7156,42284,257288,1119990,4164100,16686277,73327476,320459018,1333442860,5371098655,21667078224,87932673824,354804368192,1416332071922,5596918828248,21977008959384,85877040824384,333581738468586,
201,988,2224,7072,43038,256272,1113866,4127428,16639707,73173492,318495670,1323417556,5327552586,21501219648,87221037914,351594889124,1402755865813,5540913420780,21747790534730,84943845286196,329823866565408,
198,1000,2196,7192,42224,256168,1115426,4129948,16625896,72972088,318498287,1325223070,5332972808,21522035944,87326957147,352212237274,1405796070128,5553206489256,21802025095125,85184741142802,330832853813011,
192,1024,2280,7192,40473,257328,1140521,4221254,16675439,72883740,321735362,1346327612,5416915960,21772239432,88273324101,356767268614,1426266584612,5636403254480,22116964633092,86397655604552,335666359771486,
195,1012,2274,7108,41125,256256,1133951,4180618,16586687,72753372,319964191,1336007614,5366606842,21598335376,87651148532,354013804488,1413931529468,5584129428136,21914541146800,85622691233240,332603249587642,
194,1016,2264,7160,40761,254936,1129013,4171214,16502732,72095600,316815906,1323141652,5313272293,21352352520,86524161428,349229578992,1394371900500,5504660891224,21587186641830,84278168865356,327206959841694,
197,1004,2166,7292,42191,256488,1114964,4137280,16721167,73223068,319574135,1330875558,5365207748,21661786384,87854463785,354405236566,1415556211455,5594957729684,21966688834275,85822214913286,333388664183493,
195,1012,2190,7300,41482,256312,1119923,4156786,16660561,72920356,319301433,1330780690,5359841659,21609970696,87655804216,353747886440,1412838997598,5582945154296,21916151869909,85623130001586,332593660270931,
198,1000,2190,7228,42238,255456,1110863,4127082,16590443,72694468,316773338,1317023060,5301197304,21378444568,86683812720,349413013920,1394031890361,5505797143460,21606558698121,84378234447850,327583702976823,
194,1016,2132,7448,41321,255512,1111855,4136594,16675626,72656984,317785845,1324261546,5341160240,21544144032,87318013339,352265556106,1407074303239,5561150115204,21830144171546,85282700246420,331300184160065,
192,1024,2228,7288,40537,256304,1133080,4191432,16661481,72738092,320317679,1339376094,5390878418,21693966952,87961113209,355324359790,1420294319396,5612943510816,22029986438246,86070268591196,334391226139044,
198,1000,2172,7264,42409,256512,1113676,4138072,16711549,73300228,319740496,1330712352,5364938108,21666287432,87913119585,354648272182,1416217709769,5597672007652,21980627190728,85893991917840,333707265327047,
192,1024,2264,7216,40428,256392,1136807,4203426,16625332,72657784,320390562,1340085868,5388315708,21660997648,87834414686,354941076748,1418599740644,5603812848976,21984938556716,85884065795208,333682007304348,
195,1012,2294,7084,41041,256080,1133934,4200404,16572247,72568412,319398275,1335204574,5366229030,21563820096,87426226574,353161061812,1410847389604,5572397627840,21860400219092,85380772566488,331639677882346,
201,988,2238,7036,43028,257512,1122017,4144046,16702676,73635456,321456309,1336812218,5379504067,21720382128,88203386200,355883570528,1420592598344,5612590178176,22037101007044,86115317886792,334519870421416,
195,1012,2166,7348,41714,256648,1118486,4154580,16742140,73181952,320001700,1334061728,5379634122,21703739296,87992959532,355053914024,1418648845724,5608346386768,22019196130808,86026229440896,334185078277984,
201,988,2256,7000,42934,257528,1123689,4149806,16670680,73583136,321397598,1336266532,5374027010,21691008408,88115396710,355570769812,1419114207692,5606445302688,22013852061868,86028971053592,334177181514123,
192,1024,2280,7192,40291,255600,1135945,4210262,16574755,72303644,318811929,1334300314,5366290244,21549377784,87301062130,352631114084,1409174892837,5567093242380,21837398366141,85272209673466,331178357502670,
192,1024,2218,7324,40458,254656,1123599,4175722,16578142,72061712,316706307,1323404350,5328684158,21422795224,86747618183,350180876586,1399085776273,5527827811364,21686368761440,84679450785808,328851781495858,
195,1012,2300,7072,41001,256064,1135392,4200288,16559174,72539816,319349228,1334923568,5363003865,21545825736,87351745526,352846031644,1409470359968,5566327996200,21833804358430,85268469111500,331173835362120,
192,1024,2220,7312,40396,254296,1124677,4174614,16550261,71964780,316371364,1322464528,5322585554,21391531576,86620412609,349646857630,1396897676584,5518564848032,21647459668217,84520373233274,328203816861849,
192,1024,2278,7180,40284,255272,1135384,4196704,16539172,72192536,318034405,1330615874,5346744046,21476402272,87018896180,351392490760,1403980227560,5545238026656,21750484667726,84925417276132,329777608126964,
192,1024,2224,7312,40502,255432,1126976,4185688,16626561,72405324,318593764,1331509152,5363518270,21576209192,87441077097,353205681046,1411639025762,5578775973624,21893164992980,85528445686688,332306205551728,
192,1024,2258,7252,40556,256624,1133298,4212884,16668148,72664968,320347475,1339706150,5395010918,21678432288,87840249552,354969583072,1418858544805,5606341720356,21993206495938,85902988492268,333745350769818,
192,1024,2260,7216,40275,255376,1136067,4193482,16566630,72347680,319026546,1335221452,5365756582,21565352624,87432066332,353248441168,1411676264856,5575368112504,21872667004356,85447711696296,331969956873564,
198,1000,2182,7228,42289,256176,1116644,4140240,16674302,73229888,319934571,1332683838,5367862142,21668371792,87971056701,355033318558,1417885374898,5603055560136,22002882152510,86012811727588,334256771350052,
198,1000,2188,7216,42216,256216,1117610,4143412,16661510,73123560,319385861,1330935418,5360030838,21624537584,87732124287,353950814442,1413546601963,5585869570996,21928938256756,85678484748272,332821764678342,
195,1012,2300,7072,41150,256968,1136869,4203478,16612331,72960948,321234759,1341636766,5391142134,21687025824,88030554387,355704660498,1420716461374,5610645874456,22018202139916,86051699341472,334376064618730,
197,1004,2212,7184,41762,256256,1123337,4156078,16614690,72978424,319717407,1333531198,5363867237,21620006240,87746090376,354195718088,1414644220899,5588896322220,21938089564555,85718520938126,332998637347319,
192,1024,2278,7204,40609,258256,1142567,4234674,16753262,73306752,323828752,1355283320,5457308506,21946939320,89031101924,360038434040,1439867865469,5691902750020,22341004118906,87310441069148,339374052442660,
192,1024,2264,7240,40764,257928,1137661,4228046,16759284,73272488,323101575,1350921406,5443762805,21902233072,88840936594,359139102356,1435986772314,5677041288608,22284492048508,87085971792648,338467632740990,
198,1000,2222,7156,42201,257520,1122688,4160064,16679109,73387076,321153309,1336943906,5381326159,21707386136,88133085858,355731741484,1420447707784,5612894522272,22036671455548,86109136695936,334527894862335,
198,1000,2172,7264,42390,256248,1112644,4135456,16690599,73108572,318773825,1327079298,5348813802,21582912304,87515398730,352974839268,1409424145611,5569327887156,21860332807433,85393274708802,331684171414900,
198,1000,2226,7156,42196,257208,1120984,4162144,16666172,73231368,320273259,1333738670,5369724978,21645831144,87828241858,354454490348,1415292374961,5591539140100,21945220902454,85729264411388,333014706308434,
192,1024,2232,7288,40556,256464,1133187,4195298,16662644,72731272,320397300,1339629336,5390847537,21684516896,87919798285,355216841278,1419680191035,5609159726580,22010085360989,85989759086018,334097210766825,
200,992,2227,7102,42830,256728,1115030,4136396,16663123,73266988,318996495,1325190702,5335981426,21539006152,87371596406,352180599356,1405135536606,5551309169576,21791284914032,85107200430176,330429841115654,
198,1000,2186,7228,42232,256104,1113524,4130448,16635682,72976864,318289983,1323699478,5329910028,21511281928,87253217703,351772579970,1403879150496,5546812513584,21776083325112,85060370986144,330283749217678,
192,1024,2110,7540,40886,254576,1110222,4125492,16664238,72324736,316314936,1318026136,5315851752,21439641208,86817472840,350058568064,1398125798552,5526035070368,21690447644364,84703397051336,328894617110552,
195,1012,2284,7120,41384,257456,1133137,4204542,16680195,73182228,321601594,1341479196,5398927173,21737947944,88213522819,356331531994,1423377281811,5624903565980,22079864897709,86266659077018,335133140669512,
192,1024,2224,7288,40445,255232,1128337,4170942,16584049,72304484,318045755,1328900222,5345010472,21506458008,87184373553,352073734558,1406836027986,5557782506240,21808974358870,85186315646204,330878729963305,
192,1024,2260,7216,40360,255848,1135151,4190170,16582179,72449740,319235973,1334609778,5363813796,21569250800,87468265458,353344069108,1411919961117,5577544527332,21885344245329,85483689310114,332030302893358,
195,1012,2292,7096,41067,255512,1129425,4187286,16528283,72300084,317591868,1325671168,5326851640,21403184960,86732830096,350092715400,1397682724330,5518575313784,21642618938000,84494623717208,328056887519954,
192,1024,2228,7288,40439,255384,1128126,4176292,16576637,72263204,317807352,1327412216,5340433830,21479348200,87042137011,351358010538,1403582124499,5545141738644,21757399318405,84965278358826,329929442409284,
195,1012,2272,7120,41023,255008,1127680,4167312,16496242,72143192,316709316,1321762616,5307188999,21332562304,86453267630,348881744956,1392636955834,5497455188976,21559263316851,84167978351510,326757571557034,
195,1012,2284,7096,41102,256168,1132357,4180870,16567383,72607924,319073770,1331630196,5349463943,21518722960,87281547013,352375337110,1407064636795,5556707942068,21801797792955,85147194388966,330638525738766,
195,1012,2296,7096,41249,257360,1134251,4209714,16647195,73054236,321388609,1341060954,5394858718,21707463712,88085990998,355883996460,1421605536826,5617413958616,22047706534324,86134216319712,334609385999264,
192,1024,2254,7252,40512,256272,1132179,4202234,16640410,72562096,319599535,1335803990,5377979580,21621732368,87619731322,353904305668,1414244532392,5588551312992,21928333279776,85646163881600,332673461633634,
195,1012,2280,7120,41241,256712,1130671,4189282,16605849,72763868,319608158,1333206916,5360255197,21563936440,87445994981,353012822318,1409352306748,5565730453056,21837612970616,85297044986784,331250937043327,
192,1024,2240,7264,40433,255648,1131287,4184434,16593537,72392116,318724388,1332089496,5357465307,21544702224,87330703541,352672271590,1409094932128,5566575075984,21841645156512,85309967014536,331340544249276,
192,1024,2228,7288,40394,255008,1126884,4171864,16557754,72093008,317043459,1324938230,5328693488,21420777360,86766555598,350249962620,1399172990932,5525835723560,21674923830348,84634398037712,328653499654303,
195,1012,2280,7120,41357,257968,1135183,4203378,16696491,73286180,322248682,1344707196,5410467427,21788152384,88430497901,357224265422,1427024841173,5638921088412,22136991021114,86507335247348,336097482284421,
201,988,2292,7000,42640,257800,1128314,4176980,16674722,73557200,321747427,1339041486,5385148620,21716483048,88182435343,355867540506,1420424603198,5611665703464,22029398350911,86064745043422,334272383407654,
201,988,2280,6952,42844,257720,1125173,4152622,16628518,73466448,320978652,1333581192,5359017036,21620778264,87824390721,354299264982,1413312862894,5581504460496,21910142329691,85599010996046,332406587269211,
198,1000,2182,7228,42211,255280,1111538,4119636,16581544,72621112,316371992,1316195896,5296185890,21359136408,86588465769,348985237630,1392571074519,5499979556212,21582795180169,84278388014594,327169103631737,
201,988,2246,7108,42940,256928,1115881,4147742,16688284,73333464,319226193,1325925826,5339155484,21549718240,87399764772,352293742800,1405456255358,5552156847616,21792063106950,85101446949340,330400603758210,
195,1012,2298,7084,41081,256008,1131868,4194384,16550454,72473632,318661084,1330337112,5344885904,21478953992,87083183427,351673456418,1404284755614,5544959046624,21748775182430,84930172883628,329835051487553,
192,1024,2234,7276,40486,255616,1129990,4181668,16602629,72432956,318748988,1331827296,5357709823,21554002128,87385537349,352945281942,1410351780071,5572132740612,21865352880761,85407777926818,331752347608710,
195,1012,2266,7132,41157,255712,1129258,4174668,16554670,72474352,318088584,1327833600,5334655974,21455288408,86984861407,351112287370,1402075309262,5536466793400,21717665004837,84807219679426,329320406890134,
195,1012,2184,7312,41415,256024,1118476,4149240,16637454,72773856,318430880,1326375296,5341166242,21536693512,87320673973,352170019118,1405968017591,5555597239548,21809684187030,85188075001860,330782461115414,
198,1000,2204,7192,42164,255776,1114779,4136218,16595086,72801032,317677822,1321917876,5319261306,21444633560,86973014824,350686160792,1399422449753,5527117772780,21690538622317,84715925068730,328931556593903,
198,1000,2218,7156,42183,256672,1117883,4142890,16615203,73053564,318953427,1326335518,5336127730,21521671016,87325849511,352112528914,1405036332586,5550160250168,21785233211511,85089744104326,330369417868806,
197,1004,2224,7184,41867,256736,1121711,4157618,16623775,73007236,319398315,1329286182,5348140490,21559431304,87464133779,352779847946,1407922202008,5562269094280,21833801648957,85279789684706,331120846921411,
195,1012,2282,7132,41455,257824,1131905,4207438,16706599,73256700,321905974,1342605164,5405876952,21762101008,88285165168,356610984240,1424322212014,5627520375664,22087060393994,86304196598908,335315631458420,
192,1024,2272,7192,40429,256688,1139719,4202922,16619117,72785492,320997128,1342050152,5392688950,21690616280,88016647596,355632034696,1421035377692,5613819897216,22032818137844,86087065663528,334426821094404,
195,1012,2284,7096,41116,256592,1136319,4194386,16591539,72797940,320405270,1338896132,5376994209,21621397104,87719450521,354374165190,1415660273683,5591058609988,21936442612185,85691095770282,332861088433318,
195,1012,2262,7132,41207,256608,1132972,4176160,16609071,72932700,320503730,1337350276,5373462668,21644012000,87881699192,354898820480,1417330468314,5598045087920,21976682186580,85893235922320,333688442361548,
192,1024,2272,7192,40411,256440,1138435,4199706,16609262,72695952,320586364,1340374560,5386204556,21664187000,87908803030,355226193916,1419431418466,5606815486712,22004832131328,85987813986264,334083876074996,
195,1012,2298,7084,41163,257048,1136734,4208908,16623256,72934712,321072303,1341369462,5391403625,21676094784,87933352459,355278159730,1419314952560,5606544243224,21997996156495,85932299822862,333821438345740,
192,1024,2280,7192,40515,256952,1138566,4218732,16668308,72846800,321205478,1343712020,5408036610,21744838184,88171815822,356299105772,1424344398046,5629373508856,22091782456016,86300177819056,335293789606884,
192,1024,2256,7240,40395,255136,1129777,4186926,16543925,72091708,317259286,1325892404,5330145466,21411958632,86743995317,350251877118,1399080944314,5524954673280,21667939681967,84601996311190,328537418488631,
195,1012,2288,7120,41348,257416,1132618,4213884,16692611,73181924,321762750,1343142212,5409741742,21774284080,88341170818,356950516716,1426268060478,5637146382896,22127482138234,86463382009508,335989819605482,
192,1024,2238,7276,40350,254768,1126721,4180494,16535996,71968856,316541618,1322962332,5321669108,21381561176,86592134873,349540954814,1396361899215,5515637720492,21634136075324,84462984153480,327962477643996,
192,1024,2218,7300,40284,253896,1124661,4158566,16489263,71715988,315251437,1317609018,5294690320,21275235056,86151829257,347681631062,1388632132592,5482703251688,21500511430825,83932808215226,325856719835312,
195,1012,2290,7084,40951,255264,1131044,4182040,16498992,72210128,317496344,1326251120,5324872172,21393517320,86722713612,350160113712,1398242259015,5520247316452,21649776877868,84535260204272,328258612293776,
194,1016,2288,7112,40749,256112,1135744,4197056,16567822,72555968,319705908,1336541120,5370773098,21591758712,87584760608,353890669600,1413988778812,5585114570968,21914405171906,85611548157572,332593594035368,
198,1000,2228,7144,42132,256712,1120439,4154578,16609654,73032728,319188887,1328367302,5343223360,21532588760,87365516772,352391952712,1406297196308,5554348383312,21796787171192,85133104066688,330568832084117,
195,1012,2220,7240,41432,257624,1128244,4181248,16697802,73278008,321572346,1341013604,5398688887,21758374624,88299237080,356488685704,1424026120143,5628113278324,22096817336473,86341756162794,335421592682617,
198,1000,2192,7216,42370,257440,1119889,4154174,16729716,73588216,321425175,1338174014,5391040722,21767489560,88380957682,356648120868,1424298365495,5629712566676,22109683383023,86413280394486,335736987726768,
195,1012,2130,7420,41686,256368,1113245,4136990,16729375,73095348,319588996,1331304992,5368947024,21675846216,87913611087,354749311386,1417098321100,5601275335792,21995184329692,85959883489608,333996738385418,
192,1024,2236,7264,40296,254520,1129276,4175224,16524262,72009648,316961130,1325648924,5327738291,21411469944,86757977482,350342782244,1399859571557,5528801482020,21687882009162,84694510265292,328929288519902,
192,1024,2246,7252,40395,255352,1130933,4188390,16567951,72239324,318000682,1329799820,5348286805,21493798296,87086948342,351694209980,1405427616556,5552068035288,21779932935896,85051584146112,330324924043690,
192,1024,2246,7252,40380,255392,1132062,4194860,16591794,72366600,318782418,1333844068,5367043162,21571230392,87425727490,353158652452,1411669115844,5578107539280,21886868465164,85489585846552,332092938977568,
198,1000,2204,7192,42275,256816,1118237,4148670,16668113,73254412,319837790,1330994852,5360012019,21628666296,87782338177,354122535710,1413788988329,5586935966684,21934872747733,85701098275810,332885391533081,
198,1000,2181,7282,42244,255552,1109601,4129974,16647705,72763204,316937052,1318061888,5310953484,21424248824,86820038457,349959258582,1396702628174,5517941759816,21654765510066,84557373047908,328297194679202,
192,1024,2264,7216,40387,256144,1137589,4209590,16632026,72666944,320481424,1341598472,5397390379,21695581208,87959200653,355444776158,1421022953468,5615490687944,22035599199954,86085705108188,334468994814002,
195,1012,2172,7336,41408,256272,1119909,4160718,16673542,72893632,319643705,1334068770,5374957016,21658445016,87836213993,354682250622,1417470990256,5602383460456,21991417248081,85926570090634,333886229767174,
192,1024,2232,7288,40525,256152,1133090,4200972,16667926,72696592,320288660,1340354000,5397097294,21704495880,87970521542,355439072380,1421058100885,5616324108940,22040596240568,86109671388320,334581782878873,
198,1000,2222,7156,42154,257080,1123272,4167720,16672856,73311968,320830634,1337347148,5384505025,21706411992,88093769650,355563706444,1420110690090,5612442875216,22034640250663,86100750641222,334493529769518,
198,1000,2170,7252,42303,256016,1113829,4128774,16664511,73065628,318619315,1326137558,5341727657,21566787432,87482047049,352750339966,1408347295759,5565991489524,21854656011531,85377318289846,331566051753008,
198,1000,2186,7228,42353,256520,1115858,4146156,16705877,73300332,319766408,1331826696,5369328724,21674754672,87924145308,354643021048,1416415369065,5599419554484,21987908891971,85913357920638,333744306322212,
195,1012,2184,7240,41611,255848,1119282,4147892,16648211,72908852,319212835,1331257558,5363717577,21630537288,87748904313,354217588502,1415209098037,5593569474676,21962343237782,85834276518468,333550211525020,
201,988,2264,7000,42904,256680,1119612,4152304,16628209,73230620,319397958,1328011380,5344392700,21548288136,87423314354,352560145860,1406720689731,5556740712036,21807103248553,85167821414290,330704319184636,
198,1000,2226,7084,42413,256112,1118786,4146804,16638692,73096936,319096546,1328749588,5352052555,21584728176,87552590735,353169169530,1409979915427,5571352960004,21869936708493,85445363942282,331913022846388,
195,1012,2176,7312,41252,255208,1116883,4140378,16553051,72360188,316729265,1320414818,5312362308,21393230304,86711111675,349674012290,1396038364519,5514215095596,21635280697555,84477986391222,327967924219698,
198,1000,2232,7144,42221,257592,1124364,4174792,16710674,73518464,321726418,1340559476,5400887472,21784557120,88419396123,356877426818,1425396439290,5634552788224,22125076620825,86458246418570,335907143462548,
198,1000,2204,7192,42153,256048,1116059,4145722,16631385,72945308,318507594,1326676588,5342641094,21540547024,87353783992,352370125544,1406924763471,5558626921764,21816301324261,85217717049818,330982885931499,
201,988,2264,7000,42847,256496,1118812,4148656,16611042,73115096,318988368,1326302176,5336052157,21512591096,87278314546,352003847244,1404423316891,5546869856996,21768522553124,85024801761192,330167868972711,
198,1000,2268,7000,42286,256904,1126518,4167116,16625577,73217196,320499420,1334677728,5370315233,21644138848,87840629447,354491756738,1415123692969,5590860849620,21945651846339,85741755915022,333055426017292,
198,1000,2186,7228,42183,255424,1112735,4131186,16608919,72769324,317405687,1321322758,5320461264,21456959176,87000635592,350818520184,1400467383868,5532792186176,21713835145698,84806800368652,329349101103968,
198,1000,2239,7110,42125,257296,1127341,4164238,16676672,73411544,321372885,1339278658,5388920747,21741211352,88274704804,356279114176,1422798688413,5622554786676,22078063518906,86283089296460,335218527719230,
198,1000,2277,7050,42021,257440,1129087,4183330,16648969,73316172,321296698,1338759540,5385789025,21703345056,88103562312,355668225168,1420209899104,5612052730504,22031877250041,86080146052066,334383785089962,
200,992,2237,7066,42626,256304,1118117,4139414,16615095,73117660,319013274,1327282004,5339919890,21542359064,87431569997,352634818342,1407100783264,5557485295304,21816807817692,85250226054184,331116878961302,
201,988,2282,6964,43008,258512,1128389,4180494,16740387,73970572,323427033,1345844482,5419535446,21870094768,88828525373,358554462086,1431656038364,5658865197008,22222099245602,86846546452332,337436027758831,
200,992,2237,7066,42710,257208,1121626,4151900,16686554,73548216,321205419,1336833318,5381978577,21729851656,88256678830,356157825636,1421884743531,5618963905340,22069103874861,86272051054074,335214717097252,
198,1000,2222,7156,42305,256664,1120506,4160332,16696482,73289720,320040748,1333501856,5373357452,21672275824,87893153288,354594630176,1416296847256,5597946346032,21974485672516,85840890228872,333446139782940,
200,992,2218,7100,42777,256632,1119974,4143556,16698284,73474600,320626858,1334912012,5376838140,21712100624,88134666606,355557340428,1419771538148,5611424747544,22036272810214,86122152406276,334606434815364,
201,988,2288,6952,42952,258560,1129187,4181250,16725664,73909344,323201276,1344747976,5413355716,21842946288,88714641893,358049155438,1429402841235,5649734559548,22186810345446,86701097306780,336811780287653,
198,1000,2214,7156,42164,256232,1122010,4150140,16666555,73182772,319935758,1333710852,5370190712,21667872984,87922024048,354771639512,1417028700442,5600495387832,21990648023006,85934822655836,333866696379996,
201,988,2242,7036,43047,256960,1118982,4147236,16689579,73510372,320401842,1332327908,5366361792,21664573080,87924894640,354586693496,1415317371466,5593203095864,21960623524690,85799789896436,333254112082306,
195,1012,2148,7384,41420,254424,1107051,4118866,16557683,72156636,314879103,1310650030,5278729516,21272168680,86182977295,347404659250,1386595442524,5476698454744,21488197611821,83902308508362,325737390842765,
195,1012,2224,7168,41561,256504,1123227,4159002,16603288,72870264,319204940,1329201640,5348904857,21553920168,87445474597,352842498534,1408637738886,5565599896624,21844868819721,85328272489154,331384712909060,
198,1000,2186,7228,42200,254936,1108544,4117448,16560269,72472060,315545414,1311952300,5280489276,21289004360,86281484420,347665716784,1386945294908,5477095313144,21489782176450,83902031862188,325666385658549,
198,1000,2195,7246,42119,255400,1111059,4129754,16608377,72630540,316517802,1316606132,5301601909,21377585824,86629678212,349154323168,1393334024649,5503657086788,21596497291061,84322677219626,327344982275902,
195,1012,2163,7350,41464,254928,1113507,4133122,16617546,72492608,316653269,1319722850,5316757018,21434398328,86846346403,350170494674,1398206703454,5523981870520,21677928904168,84662381158216,328765647671970,
200,992,2276,6992,42604,257792,1127647,4172786,16673715,73603572,322012618,1340191020,5392815577,21755401720,88356805735,356598576810,1423591513865,5625926278700,22090570220259,86320496603254,335332720547547,
201,988,2280,6952,42811,257616,1126316,4158280,16634998,73516072,321375146,1335987012,5369914057,21664968496,88012322823,355108513858,1416882512061,5597181882500,21975910162280,85866618143712,333481108790213,
201,988,2284,6952,42758,256624,1121189,4147838,16561860,73009792,318647119,1323875598,5319164742,21435216976,86982103096,350728145976,1398662333237,5522026661348,21666187099618,84606404807428,328443634719385,
195,1012,2288,7096,41214,257352,1135755,4202058,16653984,73134656,321888510,1343812756,5404272340,21757619736,88331329051,356929474210,1425904324148,5634126981048,22120083400346,86454974437380,335924052695966,
195,1012,2310,7060,41243,257328,1137649,4215398,16650050,73080824,321723968,1343872864,5404117066,21735840680,88191029526,356337696860,1423534829328,5623838610160,22071624775068,86240869280200,335045392251912,
200,992,2248,7064,42785,257760,1122542,4166468,16722590,73671768,321801126,1339049780,5393621993,21766979704,88366756446,356613418068,1423840913455,5627512916052,22098190067010,86355584030412,335490347763641,
201,988,2234,7036,42926,256800,1121412,4137984,16660301,73453060,320564491,1333273614,5363656161,21656596968,87942647643,354723510826,1415739320806,5593668590184,21965166491672,85835961196696,333403418010048,
198,1000,2194,7212,42301,256800,1116683,4142370,16679706,73261848,319820887,1330755718,5359369031,21634950440,87802958374,354209199604,1414095076206,5588107275256,21943792682684,85750541789248,333086249719121,
194,1016,2160,7376,41209,256296,1119389,4152630,16662954,72840016,319298228,1331452552,5363548513,21624989312,87719310976,353994122016,1413993821908,5588402533600,21942926789361,85746935264050,333086886909151,
194,1016,2156,7376,41090,255264,1116526,4135636,16583265,72409364,317267951,1322823886,5322914997,21448811328,86969166317,350860245286,1400943798415,5533670900900,21719035176373,84849121610594,329525482354293,
194,1016,2164,7376,41203,256216,1118759,4155074,16663268,72830600,319290993,1331160842,5363444431,21622993440,87713151438,354016418924,1414042771986,5588632509424,21943723926781,85752933208994,333138307149316,
192,1024,2264,7216,40434,256504,1138311,4212162,16662883,72813396,321237273,1344763386,5411360375,21759074752,88237252068,356641592768,1426011665083,5636001003012,22120282702655,86431266635526,335854991586304,
192,1024,2286,7180,40464,256928,1140440,4225376,16663568,72844688,321530816,1346211248,5416063292,21761657944,88227679982,356641496596,1425985512680,5634991242200,22110020054568,86377334164592,335635532268772,
198,1000,2232,7144,42200,257384,1122321,4167214,16674326,73315912,320713084,1335560152,5377798886,21682032184,87989836451,355110851898,1417989086102,5603133568008,21994015899497,85926130250778,333789063266732,
198,1000,2186,7228,42235,255888,1114134,4139396,16646856,72981024,318490325,1326638234,5344934298,21560511144,87448619041,352757495174,1408611593471,5565931412124,21847706862017,85356383788426,331584982982982,
192,1024,2268,7216,40492,256888,1138409,4220310,16689657,72927932,321793441,1346938530,5423511410,21806612720,88418827000,357441433896,1429454695914,5650732831280,22177624678900,86653309024392,336753395302694,
192,1024,2264,7216,40382,256144,1137688,4208936,16631479,72655980,320485615,1341708414,5396652835,21690432672,87937568384,355384189272,1420770919670,5613893228648,22027941154362,86055431040348,334353820693464,
195,1012,2118,7444,41583,254704,1108797,4122678,16657609,72558516,316833615,1321101494,5327167604,21491477088,87095562358,351323960340,1403491395201,5546569213396,21772491819170,85063281497964,330471128097926,
192,1024,2218,7324,40618,255832,1128735,4195570,16677463,72637116,319730251,1337362422,5389060011,21672135720,87812281063,354795849714,1418521639914,5606621899480,22000155097480,85944487413472,333945267445828,
198,1000,2204,7192,42274,257024,1120784,4160832,16710172,73485816,321465768,1339743960,5398853410,21789672416,88491962772,357334185264,1427668688977,5643419547268,22162519293088,86645257883288,336823180333668,
195,1012,2162,7348,41679,256608,1119697,4151286,16739585,73194772,320297509,1335763090,5384152124,21727349248,88122076448,355693274904,1421370713068,5618747470392,22062156215860,86210753052856,334969924868774,
201,988,2288,6952,43001,259344,1132452,4188088,16768790,74199568,324963136,1352395976,5442724529,21966602656,89275959777,360546094518,1439722377546,5690345408776,22349537534877,87369353820338,339524879362828,
195,1012,2118,7444,41713,255696,1112198,4136548,16739325,73075340,319428448,1332294080,5376020003,21707969480,88062949410,355490391484,1420781973526,5617252504984,22062046857076,86254614796592,335298382987550,
