6,7,8,9,10,11,12,13,14,15,16,17,18,
728,1084,8363,29151,94525,345191,1337244,4964632,17518633,64251833,243686185,936018194,3691047418,
746,1084,8266,29202,96785,355076,1396339,5252526,18594640,68092971,258082850,993919548,3954216525,
728,1084,8851,30574,101594,376894,1494705,5725690,20507610,76191009,290260168,1111720764,4379669146,
728,1084,8280,28676,93723,341887,1321674,4917822,17320231,63066270,238540005,913253641,3584290392,
740,1084,8017,27506,88937,324233,1236507,4592388,16068906,58225325,218564396,828473884,3231540099,
740,1084,8292,28983,95946,348449,1351800,5063853,17795135,64981558,245106574,932880639,3667277729,
740,1084,8310,29417,96946,353339,1392669,5220562,18418901,67735967,256544970,980776854,3860968647,
728,1084,8933,30971,104013,383463,1526998,5843628,20736253,76665740,292838802,1131929206,4525958581,
728,1084,8301,28549,91218,329393,1275025,4664896,16139745,58231793,220414590,855900908,3410408787,
728,1084,8371,28808,92018,331043,1275607,4657862,16220293,58675510,221602433,859789947,3438915124,
740,1084,8278,28654,94686,347795,1346261,4991150,17560957,63722659,241513248,939601492,3760190334,
740,1084,8224,28564,93088,335715,1290552,4744256,16645426,60941084,233315043,914910691,3678546875,
740,1084,8202,28392,94354,344149,1333696,4954696,17440718,63357292,239130159,921509108,3662334649,
740,1084,8203,28834,95783,347815,1337316,4956282,17460178,63748156,242252796,941310201,3764339712,
746,1084,8024,28904,95453,341509,1308854,4807799,16914918,61966503,236710364,914246225,3630404918,
740,1084,8250,28538,94274,347307,1343977,5004334,17629488,64078602,243859274,949049958,3799653638,
728,1084,9039,31314,105068,390767,1558636,6005828,21513407,80243492,308014131,1189603310,4746482515,
740,1084,8163,28981,97124,351534,1356499,5044601,17879570,65830116,249770749,953680351,3738667720,
734,1084,8240,29096,95210,338757,1311474,4801661,16826193,62248105,239189673,921548636,3636151645,
740,1084,8145,28821,95632,342902,1299597,4786064,16912463,62293506,239010874,922358807,3649235793,
740,1084,8238,28234,92487,335963,1298118,4794542,16874953,61449489,230903318,882746680,3488410071,
737,1081,8555,30000,100619,368525,1435486,5413889,19299857,71041462,270356935,1043766739,4154954808,
737,1081,8192,29298,96560,348114,1364336,5056838,17854343,65352605,245705578,937308054,3677727618,
740,1084,8337,28678,91391,327629,1261502,4612084,16097565,58999786,226894151,886321205,3527156860,
740,1084,7799,26462,85501,312474,1176286,4261263,14920056,53653705,199456857,759259407,2987462837,
734,1084,8196,28237,91522,332639,1277151,4677565,16421742,59806419,226982613,881137138,3521353132,
740,1084,8111,29240,96192,346971,1354594,5081638,17847152,65321207,248649883,951412332,3736191372,
728,1084,8730,30130,99863,364371,1435066,5417413,19059405,69840430,265758283,1029383976,4130809453,
737,1081,8264,28270,91516,333049,1285782,4747886,16519031,60078859,226241393,864861818,3425855530,
743,1081,7921,27706,89481,319527,1227253,4450484,15401565,54897218,203395212,778580203,3095498347,
743,1081,8158,28365,90895,328151,1280612,4746302,16502315,59689305,224715872,860016517,3398487044,
746,1084,8275,28638,93338,339077,1310220,4855227,16957968,61662613,232496578,887746807,3504287947,
743,1081,8088,27886,90322,330539,1249586,4499614,15731783,57408113,217746922,839216890,3319230258,
743,1081,7979,27413,87585,318991,1218003,4437258,15462285,55829080,208979763,796642656,3134593915,
743,1081,8355,29596,97160,356152,1392410,5153097,17967844,65899606,252420483,970050723,3847422093,
740,1078,8275,29889,98927,359627,1410404,5230526,18307287,66909169,255551618,989790720,3933755255,
743,1081,8243,29037,95107,346685,1345712,4992506,17526768,63966921,243057628,936293690,3711266230,
740,1078,8058,28231,91507,334509,1275459,4685368,16323719,59148262,223032588,851060366,3337161559,
743,1081,8413,29871,99498,368680,1462616,5448469,19114248,70370708,268680615,1043901224,4153765614,
743,1081,7998,28752,94883,341146,1321395,4886002,17058943,61681044,232917573,892201923,3520227805,
743,1081,8176,29578,98862,359175,1406658,5305292,18684036,68434330,262338407,1017179912,4052939336,
746,1084,8157,28767,95080,348485,1340024,4906431,17184065,62809002,238090651,914733111,3610367379,
743,1081,8062,27840,89126,326199,1246928,4539235,15809275,57277803,217823911,843480136,3350431279,
743,1081,8350,29927,98767,359069,1409774,5285399,18537670,67937726,259067342,992840382,3910182721,
743,1081,8280,29278,96633,355641,1385295,5130786,17909679,65517338,249765631,959791845,3776714648,
743,1081,8066,28403,91654,334113,1283216,4725066,16422595,59646519,225930191,861250053,3371304660,
746,1084,8339,29612,98155,359046,1404911,5295828,18719065,68196757,257969228,986863483,3903810497,
743,1081,7915,27446,89099,325243,1239968,4572411,15946906,57252349,212440264,799058727,3104884820,
746,1084,7753,27391,88234,317579,1198190,4322154,14982482,53775460,200830803,762862144,2982233806,
746,1084,8545,30866,103356,379417,1508406,5742413,20324680,75330606,288005160,1105849770,4373062696,
746,1084,7770,27743,89593,319663,1222842,4446892,15406099,55513515,208565219,796820567,3136692242,
743,1081,8383,29824,97919,358223,1405633,5267980,18297017,67514918,260328417,1000780026,3989283618,
743,1081,8315,29711,97752,359537,1402866,5271939,18596925,68287191,260842553,1004400775,3974258526,
743,1081,8064,28365,91603,333340,1283798,4734503,16465442,59871268,226310273,865457908,3417756895,
743,1081,8239,29128,97515,357104,1395053,5215146,18292614,66585480,250683984,952013980,3721878672,
746,1084,8085,28873,97224,352412,1361921,5088310,17962499,64817107,242765945,923444614,3625259496,
746,1084,8204,28801,95244,348281,1353989,5006729,17564911,64253895,243231269,936958931,3699198174,
743,1081,8273,29319,98948,365033,1420384,5306840,18736147,68748006,261385791,1005016605,3960255514,
746,1084,8013,27673,88876,322871,1232557,4489181,15624919,56397158,211078574,806936782,3180931277,
746,1084,8387,29869,99050,362154,1415268,5319846,18743770,69003020,263125486,1007453024,3972712133,
743,1081,7683,26971,86967,312388,1172564,4232032,14736212,52882986,196197782,743320727,2915403457,
743,1081,8097,28304,91163,331551,1270655,4693177,16342346,59333912,224795977,860758162,3385459965,
743,1081,7990,28840,95794,346727,1335529,4935251,17283405,62409220,236121202,910656208,3618685524,
746,1084,8215,29022,94992,347597,1345223,4954329,17282153,63206851,241903754,934873807,3721213032,
728,1084,8635,29147,95290,352355,1379974,5132744,18240493,66734928,252254599,970353698,3868211618,
743,1081,8103,28816,95725,348436,1373211,5150581,18179241,65940698,247554469,950192701,3768591001,
743,1081,8253,28798,95414,347481,1365450,5106422,17638794,63969115,239642949,909980991,3599824571,
737,1081,7827,26792,85110,302171,1149790,4157728,14530422,51914727,190448603,717879536,2814648787,
737,1081,7736,26207,81396,286894,1071078,3795721,13101076,46689581,172081979,652326591,2561094147,
734,1084,8365,28154,90639,328395,1268588,4607320,16130317,58487242,218657744,832152033,3275728308,
740,1078,7912,26570,82337,294748,1132293,4103990,14171838,50588488,187237250,710419338,2796738952,
737,1081,7951,26946,85661,306362,1169818,4272551,14690247,52592503,195695793,739730902,2892052798,
728,1084,8019,26117,78751,273004,1042358,3698029,12468992,45252571,169238424,648832342,2601316779,
734,1084,8058,26408,80058,281124,1077347,3853442,13027618,46840728,177438949,689597568,2769477049,
734,1084,7927,26106,79471,278030,1062595,3805733,12899379,46522227,176816389,688618564,2769654472,
740,1086,7984,26057,79519,277316,1047814,3710234,12627525,45376939,170197885,652811177,2599858202,
734,1084,7886,25986,78333,272584,1040444,3664646,12372375,44861481,168271902,647640596,2602678754,
740,1086,8422,28090,90120,323329,1248580,4543238,15933587,57879685,215651184,820827416,3227357287,
743,1081,7282,24679,73126,243948,892292,3051034,10251708,36848669,139476605,544120565,2171147145,
749,1081,7950,27094,84534,295155,1128174,4049370,13659731,49747133,189857400,741153984,2991136852,
743,1081,7517,24987,74187,250109,917568,3158323,10554450,37838728,143967239,565108631,2265025116,
743,1081,7961,27167,85029,298332,1137046,4109409,13888349,50360764,193065692,755251372,3053172187,
746,1084,8297,29417,96388,348042,1357969,5035610,17478107,63671459,239722845,911855788,3598274883,
746,1084,7390,25196,75703,253189,924182,3150428,10614047,38159191,144002143,559630668,2223805962,
746,1084,8226,28467,93599,336492,1287336,4707880,16220170,59639202,226887701,875365863,3485221421,
746,1084,8024,28579,93053,334423,1303112,4733378,16440028,60199784,225881718,866155049,3439184840,
737,1081,8200,27763,88025,315729,1221598,4467774,15532825,56305490,210350580,802252639,3167595560,
737,1075,7545,25697,78996,277262,1044138,3674023,12622059,44862820,164764204,623650439,2449534682,
743,1081,7924,27636,87553,309973,1180051,4260899,14735634,53357817,201578763,780090559,3117283427,
743,1081,7673,26030,80204,279623,1039261,3630197,12385343,44064232,162293581,613643072,2399334700,
737,1081,8023,27073,85695,307083,1178067,4309746,14939333,53718795,199022785,748390210,2911153691,
740,1078,7929,26737,83358,296932,1115375,4051369,13924242,49945118,186039213,702443404,2730566384,
743,1081,8403,29171,95165,348091,1355144,5019586,17430240,63542059,240398556,914770781,3585367504,
743,1081,8146,28647,94034,337364,1302547,4746740,16566789,60661823,230747665,895549697,3591433332,
740,1078,7914,27180,85988,305354,1168712,4210189,14629718,53063390,200525301,774928768,3083884341,
743,1081,8107,28258,91919,329524,1281501,4713604,16454618,60036452,228137423,886714441,3550132120,
743,1081,7969,27258,86460,305768,1167448,4216680,14616952,52833065,198468154,762803730,3025760977,
737,1081,8277,28763,94344,340927,1303474,4736938,16573187,60950813,231806011,899187258,3603737030,
737,1083,8087,26980,85676,303367,1144498,4147895,14058022,49880274,184079094,699828478,2772565518,
728,1086,8101,27757,88541,322027,1211187,4350578,15189818,56402799,218553725,857491696,3423018133,
728,1084,8321,28898,92978,339702,1299277,4779863,16846732,62766167,243522673,955648783,3821314782,
728,1086,7706,25113,75077,258002,933558,3186978,10808355,39680308,154102619,619801226,2554132745,
728,1086,8234,28290,92014,335993,1286051,4712515,16555452,61343503,235570263,913980477,3621663990,
728,1084,8137,27795,87335,316478,1202060,4331274,15175980,56689165,220703590,865402564,3445594356,
728,1086,8092,25592,75874,263704,959553,3311369,11321609,41639182,162327827,654026579,2692965923,
728,1086,8314,28470,92001,336326,1282769,4710312,16586656,61686547,237952352,925262734,3667274280,
728,1084,8199,28179,88545,319132,1212128,4392970,15488208,58053196,227093308,896304651,3595520463,
728,1086,8160,27671,87860,318766,1196657,4294069,14990742,55708794,215128612,838656341,3333223500,
728,1084,8258,28511,91575,332236,1271373,4691569,16508223,61299618,237376004,926373393,3700407162,
728,1085,8021,26760,83100,291835,1073907,3763901,12866297,47607479,187154868,752264211,3098997115,
728,1086,8492,29117,94360,350533,1353885,5013850,17667440,66353082,258746410,1008139108,3997621844,
728,1086,8160,27723,88223,321355,1213994,4338226,15133310,56335909,218293084,853614677,3402183747,
728,1084,9060,31224,102359,380339,1501115,5714155,20405891,76487800,296954527,1156977582,4599744802,
728,1086,8146,27976,89072,322862,1215967,4377389,15267094,56623277,219793401,862376891,3443101793,
728,1084,8520,29683,97942,356675,1388550,5205583,18409136,68412553,264365571,1028097013,4097472676,
728,1085,7984,26662,83415,295729,1092754,3814375,12988776,47982770,187690259,752198830,3090656802,
728,1086,8177,28399,91889,334624,1280804,4680335,16287512,60437428,234548699,916579410,3659375475,
743,1081,8470,29869,96630,354092,1382067,5153243,17999761,66331670,254390036,979671195,3876552612,
740,1078,8100,28087,90012,326510,1264387,4680987,16286192,58801631,220748331,843575905,3323110804,
743,1081,8287,28866,93248,337803,1297203,4773293,16654243,60991197,231848656,888291356,3491702812,
740,1078,7873,27350,88150,315626,1204566,4360767,15205710,54693837,203751149,781246743,3102322560,
746,1084,8138,28712,94667,339479,1308082,4759701,16498246,59962562,228722672,892863843,3582399351,
746,1084,7748,27222,87917,313346,1171944,4202535,14605515,52306533,194911446,744228485,2933974314,
746,1084,8009,28068,89696,319218,1220598,4364748,15065147,54269139,203349298,779060705,3067379216,
743,1081,8119,28306,92233,333194,1287630,4763227,16584070,60007302,224894914,856121464,3372284753,
746,1084,8063,27135,82459,287644,1074327,3728266,12627899,46693744,182163072,727884428,2961567211,
746,1084,7531,25028,74938,255848,922876,3149066,10674681,39033128,151590865,606182635,2472809297,
740,1084,7888,26063,77231,263112,962551,3300906,11156653,40980539,160060716,641541331,2607709958,
740,1084,7744,25574,76466,263359,966312,3327312,11191795,40359263,153899110,607239357,2458041192,
740,1084,8296,28696,92688,336186,1289183,4635991,16016953,59308565,227887327,891265255,3574081125,
728,1086,7892,26582,83277,304381,1145561,4093075,14179569,51469929,193877930,741144104,2911226609,
728,1084,8920,30452,99113,366692,1441921,5482723,19517042,72435553,275972761,1058523437,4165605765,
728,1086,7753,26170,81677,296579,1109075,3979973,13782943,49849648,186076654,706373127,2756518465,
728,1084,7832,26491,82585,298572,1118608,4012054,13920759,50645232,190329304,725180384,2834743389,
728,1086,7968,26941,84854,308332,1160140,4151385,14352792,52237156,198166059,765008612,3027626484,
728,1084,8727,29417,94969,347213,1344596,5029740,17748940,65925018,253223083,975687374,3847768318,
728,1086,7781,26276,81856,296756,1109974,3988967,13863920,50227273,187891233,713860652,2782531343,
728,1084,8310,27470,86593,315057,1187585,4386920,15469154,57000527,216435445,824747626,3215785087,
728,1086,7792,25453,75451,257053,940179,3205099,10834845,39661584,153907415,617987932,2535054559,
728,1085,7810,25727,76462,263333,975493,3369444,11424564,41666038,160963733,639294728,2586727255,
728,1086,8469,28727,93497,347157,1346239,4976817,17378168,64138681,246322874,950902309,3734913289,
728,1084,8301,28688,89916,320708,1220149,4382099,15287685,56884068,221333711,867825209,3450544311,
728,1086,8143,27336,86624,319609,1218766,4462286,15527637,56804675,215594862,822395911,3203751908,
728,1084,8617,29039,93540,341973,1312644,4910057,17288612,63951003,244820356,938900566,3688065965,
737,1081,8015,26980,85383,306658,1182483,4289616,14884993,53327229,195641263,736555149,2879665651,
728,1086,7838,26211,82005,299633,1130245,4057291,14034360,50916734,191370184,730006599,2859715255,
728,1084,8663,29635,97242,357632,1402192,5359215,19031229,70390536,268066004,1027202512,4040615288,
728,1086,8326,27567,87857,324527,1233754,4505518,15661905,57418070,219764610,846468807,3326731872,
728,1084,8651,29343,94989,346886,1349231,5058551,17885305,66367448,255126508,985849983,3885809839,
728,1085,7672,24990,73182,251975,919446,3153240,10671918,38800460,149528272,594628790,2415229855,
728,1086,7703,25134,74846,256842,938281,3229143,10928444,39350165,150235336,595090131,2412191497,
728,1086,8036,27201,85624,309516,1163420,4162687,14424598,52754659,200361102,772601108,3054484451,
728,1084,8713,29317,95173,347039,1343532,5009884,17687284,65767558,251385777,962368848,3773689577,
728,1085,8252,26490,80809,286855,1069972,3756662,12818166,47046499,184376349,740726436,3032279098,
728,1086,8145,27498,87716,312840,1177480,4215613,14607325,53905893,208173048,816855513,3264777532,
728,1086,8232,28401,91266,331351,1281123,4680629,16270917,59924375,229870080,895020095,3557418712,
746,1084,7826,26348,81936,284752,1081179,3870032,12985406,46276605,170924323,645668224,2536445534,
740,1086,7883,27214,86860,307966,1179819,4280569,14592449,52613235,197823976,756609874,3007734804,
743,1081,8380,29275,94963,344805,1345593,5031345,17579565,64317618,244112598,936203673,3715933688,
743,1081,7745,26413,83125,294492,1110139,4029202,13827288,49336781,181727806,676607277,2601291380,
746,1084,8197,28505,93508,343166,1324910,4880898,17010566,62360978,237973994,914308504,3614964502,
743,1081,7980,27484,88076,312153,1178217,4209779,14614955,53050003,198615920,758234018,2983173031,
743,1081,7623,25811,79890,278764,1042896,3686508,12648143,44853477,165038497,627480814,2464705763,
746,1084,8256,29101,95932,348467,1353416,5110506,17858765,65290754,250089165,967134872,3858355779,
746,1084,8225,28566,92139,332907,1277330,4678128,16051805,58319617,221782560,854587095,3403777827,
746,1084,7970,27660,89045,316293,1213404,4468605,15458422,55482735,205510038,772515149,3005219911,
743,1081,8129,27857,89612,319080,1228013,4532961,15772127,57358459,216482958,824025057,3241271640,
746,1084,7827,26412,82147,290775,1101589,3975750,13629964,48805631,181329525,685345469,2677197895,
728,1084,8386,28925,92156,333186,1306707,4775912,16524026,59735058,225719852,877961714,3541181565,
740,1084,8118,27370,87326,315656,1202949,4353677,15080050,54039496,199617509,757112364,2979779199,
746,1084,7995,27593,88722,318181,1218028,4388876,15084745,53881075,198990577,756010873,2985109889,
746,1084,8367,29065,95835,347729,1336300,4942989,17236514,62733412,237846588,913497357,3612046546,
728,1084,8466,29018,93953,342026,1327917,4838307,16805568,61455288,233041283,899492531,3618659430,
728,1084,8366,27562,87539,317095,1205080,4354915,14928048,54273445,205980603,797043365,3191725775,
737,1083,8197,29003,96915,352517,1378259,5090449,17929090,65358787,244758496,937255953,3705402611,
746,1084,8385,29526,98465,361403,1418719,5346306,18862254,68657688,258759861,989199529,3927241937,
746,1084,8002,29029,96706,350406,1367730,5031523,17646873,64327223,242807287,933028341,3686729380,
734,1084,8537,29736,96719,358257,1422249,5296208,18617402,68880595,263079951,1014061597,4039327324,
728,1084,8504,29596,96796,357706,1418559,5315796,18735268,68759296,260569081,1006422737,3990389000,
740,1078,8483,29711,97343,358818,1415713,5316593,18728532,68356041,257499419,978802670,3863976586,
728,1084,8615,30081,98593,362686,1435156,5417456,19156904,70395677,267878237,1032412339,4091849408,
740,1078,8272,28272,90545,324253,1271961,4747150,16594238,60211686,225715673,859536664,3398358099,
740,1084,8559,29760,98686,360590,1406979,5264929,18491746,68112043,260834769,1010080099,4041552322,
740,1084,8025,27493,88123,313120,1189658,4316161,15031360,54331137,203508560,778510183,3085260499,
746,1084,8144,28517,93212,332851,1285833,4695684,16110001,58964026,223801237,868902504,3514432910,
740,1084,8261,27515,84993,300167,1144403,4071833,14091292,52485034,203779019,803608769,3252074538,
746,1084,7718,25167,74988,255311,936280,3206907,10960432,40260441,155972974,625598479,2555412566,
746,1084,7776,26238,81182,285376,1075877,3818663,13060577,46976752,174963697,668512618,2644808992,
740,1084,8331,29203,97701,354413,1386146,5236155,18284737,67099335,254973857,980947005,3917761085,
740,1084,7766,26620,84212,297752,1115437,3975526,13793532,49858340,185359272,703414537,2760820676,
746,1084,8248,28079,91482,331564,1262906,4566098,15786978,57660077,220806106,864290321,3494122517,
737,1081,7965,27524,87596,312257,1198300,4326348,14996334,54180406,201651123,767833964,3032265873,
746,1084,8189,28179,92214,328490,1250000,4630810,16127093,58902803,223083005,850776196,3347435303,
740,1084,7433,24973,74711,254022,914762,3095508,10417448,37615960,143937275,570942025,2312244055,
740,1084,7954,26526,80212,278740,1033911,3585093,12147077,44707829,173222513,687957304,2802422726,
743,1081,7772,25505,76132,260992,948394,3241364,10876181,39023946,148133008,583115858,2353096203,
746,1084,7843,25924,77281,262832,961379,3265138,10931864,40125767,155279699,615439122,2488722052,
740,1084,8397,29481,96364,352818,1391019,5150564,17970300,66939179,257329500,998047560,3972589917,
746,1084,8154,28508,93637,338945,1299655,4741945,16369428,60074087,228677252,880573334,3487386705,
728,1084,8549,29050,94038,338309,1288559,4637592,16074401,59640923,230459569,909724716,3679360825,
728,1084,8198,28449,89622,317185,1210654,4302305,14732128,54963522,212235567,835249299,3395938079,
728,1084,7771,25792,76769,264471,971781,3331065,11311297,41413639,160735054,643173434,2601617818,
728,1084,7684,25653,75963,260540,957198,3321193,11264716,40943999,157589755,624583948,2516077715,
728,1084,7754,25612,76611,263700,972521,3402006,11579355,41746052,159821226,634136556,2565641354,
740,1086,8195,27666,88341,317460,1210925,4370764,14999978,54451805,207571085,803880401,3208245594,
740,1084,7909,26188,80681,283418,1063186,3783578,12841725,45762970,169443626,641278422,2516211125,
740,1086,8209,27678,87202,313578,1198980,4325820,14893424,54195673,205710085,793954743,3169984074,
746,1084,7701,26071,81806,287778,1076409,3760485,12766008,45715864,169670083,644624215,2533580693,
746,1084,7898,27615,89246,317209,1212566,4368065,14896458,54009325,203727147,783285189,3122080241,
746,1084,8059,27148,86285,309644,1200363,4371104,15039871,55061827,210497417,818974671,3276141811,
740,1084,7641,25765,80234,279488,1043286,3680348,12508585,44842792,167237412,637010744,2494924761,
746,1084,7885,27213,86901,309467,1184354,4254254,14643527,53246800,202503190,783642213,3122250146,
728,1084,8566,28636,91904,333483,1298444,4735377,16581683,60727170,229095218,888777825,3567192359,
728,1086,8198,27569,85163,305533,1180614,4222540,14646203,53464789,201347101,777366406,3104792142,
728,1084,7845,25007,74261,256933,954025,3293400,11228163,40770419,155263690,612720339,2471052984,
734,1084,8328,28157,91392,333167,1291881,4723217,16507237,60495507,229571508,890718443,3569429144,
734,1086,8232,27746,88952,317875,1199035,4298034,14923621,54345744,207197636,801217594,3191819587,
740,1084,7593,24698,74164,252553,933014,3234203,10927218,39387631,148865047,580175310,2315137690,
737,1081,8048,26891,85249,306249,1184043,4309544,14950237,53551878,199040831,760925502,3012052554,
728,1084,8361,28374,90413,325305,1271663,4660100,16292850,59443597,222347968,853635940,3405319098,
734,1086,8110,27883,91164,328896,1275659,4703505,16403094,59640161,224976301,866012515,3451241371,
728,1084,8436,28139,88601,321458,1269955,4747526,16609979,60462635,226744482,873095107,3488755051,
728,1084,8000,27121,84273,299253,1122903,3978607,13835001,50373522,192457066,757478283,3025242577,
740,1086,8270,28345,92734,335937,1314417,4844867,16913572,62071915,232828173,890701938,3525348601,
737,1081,8370,28339,92095,335115,1292260,4755438,16627119,60512068,228170521,879044178,3493643781,
746,1084,8056,28216,92091,330089,1271104,4611969,15962330,58747995,226742917,894224741,3623311107,
728,1084,8266,27802,86997,312310,1181632,4312780,15071065,55349343,213258754,834454291,3320993003,
734,1084,7874,26378,80299,280941,1045036,3660797,12672317,46576816,179098081,705549244,2821438841,
728,1086,8272,27546,86685,313087,1188241,4325274,15134107,56019540,215987689,844599673,3371380127,
728,1086,8034,26843,82564,291782,1095043,3897039,13432139,49466520,190961619,748620906,2983480361,
728,1084,8039,27285,83695,294224,1111691,3966247,13787965,51351471,200617695,793545831,3168075254,
728,1086,8360,28296,89291,323012,1241512,4528692,15696978,58008771,224296899,870686694,3454147959,
728,1084,8381,28216,88685,320963,1243567,4510069,15618534,56633609,212769381,819916550,3268292193,
728,1084,8292,28412,91290,328820,1292776,4770060,16599755,60262080,223614215,855181845,3398004511,
740,1084,8484,29909,98887,365151,1446374,5449603,19039255,69988034,267339214,1029643372,4106381858,
734,1086,8289,29102,97554,356612,1399543,5240152,18309791,67284514,254640986,972759461,3832160780,
734,1084,8277,27583,87728,322951,1247787,4554096,15880961,57234166,213595059,817989528,3243629456,
734,1086,8337,28668,95039,349211,1347395,5010198,17677297,64952875,247679905,951493828,3740331607,
734,1084,8321,29678,99638,361567,1418548,5309253,18869337,69594888,265703760,1033518840,4153477641,
728,1084,8615,29718,98461,358278,1417600,5266926,18534634,68877752,261566816,1014175373,4085528265,
734,1084,8145,28431,92479,331644,1288964,4744653,16502700,60358615,228393155,880616213,3520390933,
740,1084,8026,27496,89694,322477,1224160,4510515,15721672,56631351,212079820,803812851,3137489698,
734,1086,8147,27197,86931,311612,1184084,4315982,15006139,53941953,201827326,769619630,3015979356,
728,1084,8686,29589,95879,345855,1343459,5018522,17564460,64415412,244792628,944806046,3760889174,
746,1084,7757,25971,81190,282974,1071484,3814592,12914847,46632427,175937156,674423562,2698539801,
737,1081,7996,26510,82296,292783,1130274,4090770,14057215,50870026,188528283,712248866,2816604517,
740,1078,7949,26856,83828,299905,1149880,4125030,14234253,51237887,191937904,735568141,2927783274,
728,1084,8430,27548,87546,312846,1184814,4236442,14494601,53682384,207923548,825084289,3385540215,
734,1084,8235,27565,85205,301747,1133738,3969310,13599896,50359493,195803930,776161479,3162413226,
734,1084,8307,27822,85774,303799,1154643,4056112,13879553,51335476,199283740,794630916,3245090762,
728,1086,7827,24676,71571,242050,898678,3081396,10376612,37634660,144705796,577592590,2344325936,
728,1084,8153,27149,82557,288704,1099183,3896290,13157758,47721185,180693613,700223337,2808485423,
734,1084,7710,24811,71970,243035,893689,3057601,10294497,37240479,142475144,565355894,2284822905,
728,1086,8047,26581,80070,280497,1063644,3749503,12752006,46112917,175350759,685036079,2745411840,
728,1084,8500,28172,87699,310224,1194298,4300489,14730694,54696603,211999125,839805479,3446606878,
734,1084,8349,27280,84824,306638,1161252,4200387,14606855,53426562,203770585,790308627,3151258910,
734,1084,7918,25952,77552,274188,1034566,3651900,12486022,44624825,165631775,631625949,2488395872,
734,1084,8137,27217,85266,306283,1173397,4248306,14653587,53522440,203680151,787591308,3146295828,
728,1084,8140,26641,80543,284833,1079442,3857543,13181066,46921760,173401633,657186554,2584645230,
728,1084,8323,28237,89548,321499,1240265,4495077,15688056,57780357,221404701,868555334,3535232672,
746,1084,8232,28146,91619,327189,1220861,4405325,15324931,56546766,219007030,863116300,3482913335,
740,1084,8249,27378,85616,302811,1126508,3995210,13845760,50675265,195429875,770109600,3099149536,
740,1084,7802,25536,77244,266832,975603,3386313,11479335,41576199,160122382,642422699,2646316952,
746,1084,7920,26209,78117,266725,979513,3364705,11302912,41100411,157741550,624200274,2535907167,
734,1084,7736,25335,74576,250451,922959,3178524,10843844,39639501,152509814,608617120,2485030938,
728,1084,8507,27744,88648,318529,1213846,4363588,15028370,55983983,218316768,867060701,3562773969,
734,1084,7893,25329,74298,253655,942087,3297173,11309103,41250745,159027692,637577236,2618006234,
743,1081,7800,27469,88113,311733,1209296,4386872,14933023,54134373,203473335,777553308,3091708383,
743,1081,7614,26194,82518,287478,1084613,3820727,12948716,46178181,170696571,646895864,2531076234,
737,1081,7917,27058,85310,301322,1168601,4243454,14522627,52910243,197800623,750817586,2991292520,
737,1081,8009,26913,83747,297798,1144625,4129199,14193840,51399114,192239004,728947264,2893518652,
728,1084,8100,27131,84128,298621,1165091,4233195,14657801,52866166,197115049,755049765,3004501523,
734,1084,8207,27728,86759,310003,1199725,4292792,14950266,55070924,209972531,820165915,3306039749,
728,1084,8423,28298,89780,319653,1227718,4557970,16022734,59496140,230896080,909576087,3661322049,
728,1084,8301,28354,88857,318151,1233946,4534891,15822396,58723869,229395939,903633134,3646025844,
734,1084,8349,28366,89483,324437,1263535,4643323,16152086,60213141,235643970,927458944,3740992937,
734,1084,8420,28390,90590,324123,1249825,4602300,16123432,59933213,232786042,918331034,3703443229,
728,1084,8526,29098,93118,330966,1280611,4661533,16150393,60460060,230855315,898405804,3619225078,
728,1084,7749,25126,73773,249556,913233,3113327,10674849,39312135,152277431,611279894,2502874801,
734,1084,8292,27651,87069,312535,1200018,4353971,15185587,56044005,216094963,846690904,3418485833,
728,1084,8002,25763,76516,267004,975177,3369501,11468066,41754354,161149136,641426610,2589606211,
728,1084,7818,25492,75884,261280,961557,3349751,11361705,40858720,155715016,616714430,2495109692,
728,1086,7939,25479,75800,263213,979043,3387281,11445682,41332266,158772865,633811861,2568686006,
728,1084,8142,28069,88456,313698,1196474,4300754,14852401,54360837,206972620,802171684,3184770182,
737,1083,7929,26196,81046,288919,1092631,3907174,13355975,47802025,177018567,671700088,2647701159,
743,1081,8464,29466,98590,360469,1411423,5291551,18570775,68736669,262593081,1015160295,4065994980,
737,1083,8415,28916,96410,351746,1355353,5012899,17515348,63977004,242392388,936156715,3730154026,
740,1078,8585,29767,98568,364686,1431566,5374196,19073224,69864347,262633714,1002489512,3963092865,
728,1084,8140,26771,81307,282687,1048296,3632001,12618409,46634467,181712286,729784738,2972640621,
734,1084,7991,26704,81266,283840,1058627,3671144,12676334,46687485,181868345,733132824,3005402208,
734,1084,8245,28210,90628,331935,1256808,4543248,15845667,58200536,223844813,875933005,3505979424,
743,1081,7901,27554,90584,324294,1220007,4382954,15227393,56039982,215828963,848439712,3422731225,
746,1084,7832,25855,79032,273877,996242,3411208,11518553,41917658,160884872,640951898,2619990632,
728,1084,8336,28950,94386,344194,1349050,4989991,17397667,63285158,240052648,924405590,3681894262,
731,1081,8109,28506,94385,342438,1323592,4870411,17215580,62897828,237756369,920612292,3678096547,
728,1084,8524,29656,98771,363535,1436012,5395158,19055637,70168629,265870703,1025826554,4089634282,
743,1081,8325,29512,98142,358221,1377664,5103665,18010763,66355894,251927286,968460970,3841321444,
743,1081,7943,27693,88129,312829,1196340,4321866,15121354,55494866,214160116,846896404,3430998314,
743,1081,8081,28597,95227,343280,1316351,4836502,16937777,61905705,236774832,927217121,3739607484,
743,1081,8012,28525,94478,339022,1312569,4826507,16891241,61322655,230503444,889853098,3552247419,
746,1084,7604,25884,80503,280866,1042168,3664751,12595126,45053641,167324262,638001249,2510027911,
743,1081,8300,28922,93203,333553,1293598,4826434,16838156,61168469,230260931,876068964,3453138994,
743,1081,7591,26044,81164,286073,1079930,3842280,13231354,47155232,173802908,656173094,2564630863,
746,1084,8127,28906,96474,348507,1362378,5091788,18012535,65541470,245754098,936675961,3684323324,
743,1081,8037,27555,87802,315030,1206618,4481589,15606872,56183955,209247134,790766854,3082088509,
743,1081,7782,26396,82419,291369,1099652,3970552,13626647,48847998,182190908,690684989,2695795399,
743,1081,8253,28304,91208,326874,1262928,4694818,16447993,60072911,227330343,870789470,3441242467,
737,1081,7808,25785,80525,287840,1086392,3855404,13118767,46837508,173177588,655772968,2571365809,
746,1084,8155,28836,96323,349295,1335853,4886237,17206522,63361175,240371402,929916897,3714597833,
740,1086,8206,27951,89156,316521,1222043,4432625,15359948,56666422,215822317,841419913,3396769444,
746,1084,7931,26759,85776,303556,1153272,4223002,14691063,52447951,193799493,733358104,2871389357,
746,1084,8455,29452,99922,365802,1422469,5379038,19116396,70417774,266348363,1017956522,4013219969,
746,1084,8254,29150,97728,354294,1381132,5126614,17908513,65640266,247192695,955449325,3838133498,
746,1084,7991,27685,88445,313445,1197180,4319427,15017886,54449545,203973827,779590492,3091620832,
740,1086,8494,29461,99149,361913,1424713,5412675,19159727,70031862,262792225,1002648975,3952243096,
740,1086,8220,29132,97361,351970,1372699,5045095,17619992,64921700,245779521,954827498,3844868375,
746,1084,8232,28429,94441,341353,1319990,4893826,17131226,62160636,235293888,909446134,3639946751,
740,1084,8175,27956,88781,316205,1209271,4437311,15505204,56234448,211356928,807770841,3185752824,
740,1078,7711,25167,75809,260791,942383,3243618,10886505,38984777,148199573,583438490,2361058225,
737,1081,8172,27321,84783,299379,1128504,4021676,13919598,51061142,196182306,769280898,3085780696,
743,1081,7664,25013,74199,252286,912369,3123812,10438458,37347761,142168547,561181630,2270735012,
737,1081,7904,25879,77522,264625,965160,3335866,11284819,40932581,157643598,625751380,2539135760,
737,1083,7670,26259,84466,295878,1102180,3947501,13499377,47965672,176166792,662842078,2586410639,
746,1084,8271,28263,92771,337510,1283422,4669192,16302936,59400274,224533255,861023177,3394466831,
740,1084,8195,27826,88026,313345,1201091,4336612,14919064,54268283,203195642,777299342,3089196613,
746,1084,7527,25108,75319,254777,925580,3148291,10673181,38951770,149357920,587116186,2365272281,
728,1084,8332,29084,95115,348981,1359155,5004869,17372550,63832672,244417407,951948917,3809874902,
728,1084,8202,28262,89685,322378,1235386,4481267,15453854,56012353,212207756,819475883,3256506716,
740,1084,8313,29221,95387,344670,1320598,4788162,16722388,61600261,233762750,897586118,3558197339,
746,1084,8047,28567,93798,337012,1299694,4738561,16590762,61113911,232030820,892332423,3538167752,
737,1081,8066,28212,90984,325395,1249337,4542483,15744014,57695240,220651019,861908307,3496380789,
740,1078,8096,29021,97201,349022,1344884,4942382,17379280,64518592,244507777,940902610,3737187603,
740,1078,8018,26952,84684,300804,1150999,4156608,14392665,51664484,189283447,713495988,2799577421,
740,1078,8058,28229,93769,340354,1312135,4803646,16823383,61709605,234065715,902481250,3591519203,
734,1084,8399,29188,96201,354330,1384413,5187683,18334614,66996774,255134449,981784246,3894311378,
728,1084,8399,29538,96500,350285,1384592,5184768,18152943,66558616,250951215,960596431,3796519798,
734,1084,8147,27552,87557,317493,1216900,4403680,15307149,55455640,208067556,798167717,3157187206,
740,1084,8178,27952,91133,329147,1267649,4674937,16305718,58684215,217102575,824221204,3242138783,
728,1084,8503,29857,98263,359870,1430273,5370124,18752860,68805887,261665950,1009179118,4037565738,
734,1084,8285,28870,93682,343410,1325730,4924601,17371623,63618165,242358685,931572723,3677497296,
731,1081,8203,27381,87800,318071,1200831,4363415,15254365,54767437,203956587,775904044,3047599029,
728,1084,8370,29211,96761,353771,1373905,5123310,18077477,66413674,251833588,965085625,3800901555,
728,1084,8531,30289,100372,367498,1465515,5514460,19340257,71039836,272233520,1059486197,4260383948,
740,1084,8388,29172,97384,353908,1378626,5091173,17886571,65948814,250777488,972285153,3887485239,
746,1084,8592,30094,102573,377752,1491058,5642695,20054426,73537791,277637988,1073356845,4294883594,
734,1078,8453,30432,103543,378524,1460234,5426605,19416529,72256781,275517491,1065337076,4240828618,
