8,9,10,11,12,13,14,15,16,17,18,19,20,21,22,23,24,25,26,27,28,29,30,31,32,
573,5551,23776,62977,134149,281647,559811,1368416,5213541,21639028,80647108,262076603,757899242,1988958926,4891720412,12037191052,30755108774,81172116034,218096758744,589159766968,1580572716134,4191848110084,11076392329058,29575926030390,80538335013850,
546,5636,23833,63576,134540,275903,570042,1383918,5229403,21794775,81243386,263035430,762647991,2007638513,4931551932,12102918044,30941350042,81961310473,220723249888,596608943603,1598394306578,4228442836229,11139247754735,29669540279270,80712314715323,
561,5562,23943,63490,133487,279846,565065,1382035,5207510,21819339,81025452,261495464,760149374,1999896907,4931237564,12076036685,30677344165,81250609467,218917162233,592815996869,1592564345227,4225596335717,11172401982892,29774661284549,80990501460110,
584,5557,23739,63191,134983,277279,566957,1379329,5302566,21933138,81134117,262618102,758140598,1996522117,4940157495,12105837567,30857498214,81858600267,220346652699,594989943323,1595249301837,4231440383451,11178871314738,29804271091362,81143804983130,
551,5392,24383,62532,133176,286581,561021,1363205,5239620,21632858,80457041,260827988,758059380,1992246434,4900996742,12055078751,30698674653,81096293991,218242828451,590242098143,1586033400826,4218655699917,11184991610715,29925638254815,81625233541335,
621,5572,23467,63660,134183,276159,564117,1354970,5159507,21492802,80278396,261491870,757116562,1984720235,4868905498,11927459224,30376088122,80036022478,215131115476,582224884974,1563766850696,4151895587023,10983708059557,29345722480563,79932667795746,
672,5592,23291,64426,134440,269797,579871,1400265,5263917,22018472,81494813,263836388,760281032,1991678142,4916011390,12064139431,30794296066,81627154770,219366105044,592284169230,1591229798670,4225583633533,11173759042747,29835292829941,81252709992493,
525,5610,23913,62722,134977,282060,558499,1376104,5184863,21705126,81012269,260851447,757669156,1994880942,4925113684,12074086038,30672808686,81216354344,218877807235,591784086528,1587219220547,4216882083115,11147284040669,29704872890251,80882378624405,
580,5576,23946,65270,132352,273410,603222,1474250,5466745,22525134,82324381,264417060,769429709,2032281936,5025696839,12386050081,31710929791,84544051588,227717596208,614899281045,1645425155699,4355311304139,11470084534647,30554265997249,83090466370921,
549,5586,23847,63010,134543,281178,557974,1348751,5074459,21469535,79849115,258868118,758469860,1994462830,4898530825,11974386616,30234161780,79702566674,214742692199,582262357732,1568828270844,4169727344240,11032427195749,29442846438665,80080692138730,
