12,13,14,15,16,17,18,19,20,21,22,23,24,25,26,27,28,29,30,31,32,
174,4504,38543,165804,495187,1278017,2834843,6435031,14413283,32515887,76018528,181661513,441198725,1080657124,2641986054,6544204168,16285321044,40396520466,100034379135,246351096981,600669793648,
174,4508,38609,165935,495065,1278043,2835607,6432570,14419234,32514848,76060185,182066226,442509721,1084060190,2647348304,6547686506,16278710812,40359837316,99968681223,246337776762,600932068877,
174,4502,38526,165793,495210,1277668,2835451,6431283,14409949,32500774,75968439,181520062,440705760,1079344303,2638111635,6535603307,16265641811,40354370120,99962925582,246237029723,600418368831,
174,4508,38609,165935,495065,1278043,2835607,6432570,14419232,32514804,76059773,182063898,442500435,1084037224,2647341892,6547827286,16279031704,40359643590,99966516891,246332791796,600924829168,
174,4502,38526,165793,495210,1277668,2835451,6431281,14409907,32500406,75966523,181513110,440692200,1079361637,2638259944,6535779903,16265143998,40352558725,99960584749,246236688985,600426465931,
174,4504,38543,165804,495187,1278017,2834843,6435029,14413239,32515475,76016200,181652233,441175879,1080651476,2642127567,6544518068,16285131883,40394525749,100030091654,246346470402,600671562223,
142,4390,38034,165232,496042,1285360,2856364,6493308,14532976,32531696,75753529,180731950,439635469,1080244790,2650543860,6581365181,16384982062,40601313229,100364998005,246865248295,601747826165,
142,4394,38100,165363,495920,1285386,2857096,6490414,14537106,32527074,75787256,181161561,441024621,1083347987,2655181135,6583516778,16370174518,40554982906,100341792733,247036907399,602509796088,
166,4602,38544,164945,495856,1282840,2858249,6481508,14412045,32470461,75773615,180949650,441672244,1084847387,2652236954,6564970628,16329191980,40424653664,100029379735,246467444023,601121836861,
142,4394,38100,165363,495856,1286346,2860552,6481454,14515597,32538104,75792156,181202965,441261127,1083420069,2654761367,6582716921,16366544926,40546815209,100344457552,247062303910,602532322176,
166,4602,38544,164945,495856,1282840,2858249,6481508,14412045,32470405,75772609,180942538,441646860,1084811991,2652322214,6565301649,16329116956,40422902140,100024889036,246457232047,601097539764,
142,4390,38034,165232,495978,1286320,2859820,6484348,14511467,32542670,75757423,180766242,439846575,1080281252,2650208544,6580900409,16381317803,40591559919,100363534846,246881298847,601748420283,
142,4390,38034,165232,496042,1285360,2856364,6493308,14532974,32531652,75753105,180729362,439623753,1080207450,2650473061,6581301233,16384888586,40600340367,100360311210,246851792106,601717463087,
142,4396,38117,165374,495901,1285783,2856622,6493732,14535698,32523849,75808761,181205030,441203865,1084171072,2658280740,6591529137,16386901566,40575367346,100348184706,246988166927,602362587971,
166,4604,38561,164956,495833,1283185,2857569,6484768,14411159,32462134,75775594,180922153,441677385,1085889036,2656692330,6574898585,16351313827,40465955476,100085499627,246534645168,601284389169,
142,4396,38117,165374,495837,1286743,2860078,6484772,14514191,32534923,75814073,181248762,441449657,1084266152,2657868264,6590598264,16383005958,40567554939,100353234759,247018486927,602391431150,
166,4604,38561,164956,495833,1283185,2857569,6484768,14411159,32462078,75774554,180914457,441648293,1085843956,2656783730,6575341450,16351407999,40463800778,100080223192,246527565991,601279044184,
142,4390,38034,165232,495978,1286320,2859820,6484348,14511467,32542670,75757377,180765398,439840437,1080257242,2650151257,6580814629,16381093698,40590353728,100359719508,246873787678,601740779455,
142,4394,38100,165363,495916,1285274,2855910,6484697,14527021,32544735,75912868,181433665,441218273,1082755269,2652366646,6576228571,16357377641,40539467963,100320370879,246983301227,602333567892,
142,4396,38117,165374,495893,1285603,2855052,6487455,14528115,32552262,75940781,181464882,441428169,1083610674,2655157154,6583535678,16374575025,40565501565,100339336235,246952089137,602209838353,
166,4608,38627,165087,495707,1283103,2857211,6476928,14408725,32487252,75957709,181646102,443322957,1088603254,2658654065,6570588657,16331237236,40416593499,100009775508,246483428549,601373785098,
142,4396,38117,165374,495829,1286563,2858508,6478497,14506650,32563648,75947003,181508454,441662121,1083652704,2654679501,6582755070,16371105498,40557726867,100342168794,246973355632,602209125567,
166,4608,38627,165087,495707,1283103,2857211,6476928,14408725,32487252,75957675,181645518,443319249,1088593570,2658660173,6570699925,16331402635,40416175258,100008925917,246486359389,601392402979,
142,4394,38100,165363,495852,1286234,2859366,6475739,14505556,32556121,75919056,181476653,441448517,1082787615,2651894861,6575554367,16354036206,40531117993,100321774320,247005565787,602348465698,
180,4416,38385,165934,492955,1272167,2835564,6436105,14375304,32386167,75873453,181106942,438193073,1072553777,2623699562,6504494765,16183034789,40159091363,99402885587,244747472090,597037658558,
180,4424,38477,166061,492763,1272333,2836053,6432543,14380387,32379036,75897777,181493069,439579654,1076211475,2629112241,6508654969,16178800286,40126381164,99360270063,244793384612,597472931705,
180,4414,38368,165923,492978,1271818,2836172,6432358,14370435,32371587,75809955,180920383,437694376,1071135358,2619810560,6497009466,16167272170,40123953587,99340203196,244649787772,596796602215,
180,4424,38477,166061,492763,1272333,2836053,6432543,14380386,32379010,75897491,181491241,439571693,1076188277,2629088698,6508767916,16179240501,40126707409,99358719597,244787640453,597461541376,
180,4414,38368,165923,492978,1271818,2836172,6432357,14370410,32371327,75808413,180914243,437679005,1071133636,2619934527,6497254174,16166847297,40121392264,99334951193,244643643291,596794520103,
180,4416,38385,165934,492955,1272167,2835564,6436104,14375278,32385881,75871625,181098974,438169741,1072528863,2623800162,6504854174,16183056777,40156855555,99396030369,244735666664,597025439196,
180,4560,38280,166284,497090,1280886,2841209,6446235,14416253,32211523,75578903,180641653,438275706,1075628088,2642056080,6561585247,16323873713,40449050287,99895621490,245539697751,598581302726,
180,4568,38372,166411,496898,1281052,2841729,6442803,14420987,32204428,75608256,181067072,439695000,1078832291,2646820534,6564730740,16311922381,40406786454,99882642252,245720930296,599359491827,
174,4670,39068,166399,494546,1271602,2843792,6456862,14309103,32310428,75712948,180598302,439831627,1079757396,2639565976,6533503926,16245934359,40216483754,99470321564,245124390953,598058217929,
180,4568,38348,166411,497042,1282492,2846145,6431283,14383398,32218258,75622019,181116756,440147874,1078909299,2645999529,6563917079,16306848306,40392903652,99885166539,245746342746,599337649833,
174,4670,39068,166399,494546,1271602,2843792,6456862,14309103,32310368,75711873,180590718,439804221,1079715368,2639644494,6533867317,16245885715,40214394602,99464275941,245109889071,598025999275,
180,4560,38256,166284,497234,1282326,2845625,6434715,14378664,32225293,75591623,180684017,438700722,1075661968,2641323159,6561119839,16318733341,40433456490,99892697199,245551066530,598529568458,
180,4560,38280,166284,497090,1280886,2841209,6446235,14416252,32211497,75578611,180639661,438265893,1075592830,2641977501,6561512149,16323891887,40448587753,99891302310,245523665868,598541799892,
180,4570,38389,166422,496879,1281449,2841255,6446121,14420387,32201347,75637961,181134890,439861106,1079593993,2649681907,6571982869,16326710829,40425606473,99888714196,245660616442,599186348321,
174,4672,39085,166410,494523,1271947,2843112,6460125,14308219,32301910,75721808,180574613,439831451,1080833453,2643903749,6543209405,16267201572,40256637196,99523298690,245168281263,598161589492,
180,4570,38365,166422,497023,1282889,2845671,6434601,14382799,32215203,75652010,181186414,440322025,1079693949,2648883251,6571064163,16321224835,40411468347,99892975157,245691809141,599174553169,
174,4672,39085,166410,494523,1271947,2843112,6460125,14308219,32301850,75720696,180566397,439800071,1080781045,2643987521,6543692234,16267367368,40254145700,99516153699,245156470149,598148718447,
180,4560,38256,166284,497234,1282326,2845625,6434715,14378664,32225293,75591580,180683221,438694896,1075639528,2641273191,6561050870,16318516397,40432230196,99888477516,245541544832,598515568046,
180,4568,38372,166411,496894,1280940,2840533,6436918,14410097,32221331,75734644,181340309,439918041,1078327382,2644165146,6557468629,16297923453,40386437946,99855290720,245676619423,599214105719,
180,4570,38389,166422,496871,1281269,2839675,6439676,14411902,32228408,75770881,181395663,440108928,1079150842,2646806728,6563961374,16312660129,40409889700,99873763788,245636231083,599071529611,
174,4680,39177,166537,494327,1272005,2842469,6451015,14304190,32320624,75887399,181285781,441591071,1083870172,2646064332,6539203191,16246346313,40203811963,99465665699,245194471377,598488261937,
180,4570,38365,166422,497015,1282709,2844091,6428157,14374339,32242464,75785397,181445743,440557780,1079209972,2645959943,6563158415,16307565284,40396290683,99877493322,245659984233,599031004467,
174,4680,39177,166537,494327,1272005,2842469,6451015,14304190,32320624,75887362,181285149,441587097,1083859792,2646069608,6539323115,16246565058,40203429240,99464600742,245197000482,598506381189,
180,4568,38348,166411,497038,1282380,2844949,6425399,14372534,32235387,75749123,181389745,440362835,1078376384,2643324657,6556774916,16293004366,40372324852,99857367597,245701027914,599188820906,
178,4550,38643,165345,493527,1277966,2833960,6418668,14414347,32521661,75936833,181540104,440036991,1077962229,2635355017,6522963967,16250342581,40329892342,99828413258,245897921980,599731861189,
178,4554,38713,165502,493425,1278034,2834646,6415911,14419920,32520174,75984042,181986145,441460835,1081510255,2641215399,6527057363,16242717417,40292501433,99764372062,245885000939,600002125226,
178,4548,38624,165315,493519,1277607,2834308,6415883,14410330,32510831,75889756,181413170,439678403,1076674836,2631720730,6514948951,16227969884,40281625978,99748546233,245766887266,599470111527,
178,4554,38713,165502,493425,1278034,2834646,6415911,14419918,32520130,75983622,181983673,441450641,1081485889,2641216143,6527216341,16242992081,40292120435,99762060354,245880312107,599995965081,
178,4548,38624,165315,493519,1277607,2834308,6415881,14410288,32510455,75887704,181405450,439664309,1076701018,2631885951,6515089229,16227396432,40279998188,99746920242,245767415510,599477745371,
178,4550,38643,165345,493527,1277966,2833960,6418666,14414303,32521241,75934361,181529912,440012703,1077964029,2635520598,6523259747,16250031553,40327893910,99824692627,245894461656,599734291102,
146,4436,38132,164754,494351,1285235,2854965,6478457,14531407,32541460,75690389,180586955,438602054,1077654921,2643900997,6561141871,16349134735,40531587162,100157075484,246411837067,600827155865,
146,4440,38202,164911,494249,1285303,2855619,6475268,14535175,32536427,75729303,181055142,440094694,1080894306,2648986484,6563611469,16332798074,40484333344,100133809097,246581049318,601622561325,
170,4648,38642,164467,494165,1282651,2856594,6467655,14410578,32474949,75730193,180828590,440616869,1082497017,2645946041,6543941466,16291292047,40351340666,99819537360,246031561047,600273010960,
146,4440,38202,164911,494185,1286263,2859075,6466308,14513666,32547457,75734187,181096298,440329992,1080966781,2648587794,6562865387,16329144737,40475635684,100135125833,246605235602,601644999753,
170,4648,38642,164467,494165,1282651,2856594,6467655,14410578,32474877,75728943,180820302,440591405,1082473883,2646040065,6544227442,16291153510,40349715297,99815442533,246021494174,600249790369,
146,4436,38132,164754,494287,1286195,2858421,6469497,14509898,32552418,75694023,180619823,438811856,1077703846,2643595123,6560687685,16345386146,40521420164,100154687506,246426914721,600828530270,
146,4436,38132,164754,494351,1285235,2854965,6478457,14531405,32541416,75689957,180584217,438589258,1077614621,2643831866,6561095693,16349005846,40530167371,100150919061,246396084588,600796898793,
146,4442,38221,164941,494261,1285710,2855405,6477623,14534438,32528725,75746558,181079888,440129065,1081679987,2651952386,6571504190,16353346133,40512851280,100152954501,246556889155,601492264798,
170,4650,38661,164497,494173,1283006,2856174,6469952,14410375,32462339,75729152,180786426,440484505,1083500038,2650171565,6553290228,16316240633,40398763237,99881819123,246115305725,600446289961,
146,4442,38221,164941,494197,1286670,2858861,6468663,14512931,32539799,75751862,181123516,440374557,1081776860,2651553832,6570608894,16349473008,40504696070,100156802719,246585703827,601519978349,
170,4650,38661,164497,494173,1283006,2856174,6469952,14410375,32462267,75727856,180777386,440454709,1083468718,2650283297,6553684303,16316209106,40396692807,99877180646,246109447525,600443547304,
146,4436,38132,164754,494287,1286195,2858421,6469497,14509898,32552418,75693965,180618805,438804922,1077679774,2643543916,6560597732,16345110414,40519909541,100149788562,246417934415,600821532682,
146,4440,38202,164911,494245,1285191,2854433,6469546,14525002,32553543,75853368,181323696,440279136,1080298786,2646206708,6556464265,16320473018,40469005221,100109895510,246526252751,601471090380,
146,4442,38221,164941,494253,1285530,2853835,6471341,14526767,32556593,75877039,181336340,440346263,1081126923,2648862789,6563606482,16341551142,40503541962,100142581789,246521868706,601365275349,
170,4654,38731,164654,494067,1282966,2855738,6461811,14407475,32486456,75915172,181547895,442238321,1086384300,2652675201,6549737218,16295841790,40349213498,99805954945,246063758747,600568443927,
146,4442,38221,164941,494189,1286490,2857291,6462383,14505302,32567971,75883145,181379400,440580353,1081173968,2648390510,6562854580,16338119136,40495357091,100143922509,246541004676,601364707798,
170,4654,38731,164654,494067,1282966,2855738,6461811,14407475,32486456,75915126,181547143,442233989,1086376114,2652692877,6549844741,16295944875,40348751834,99805344528,246067785341,600588640016,
146,4440,38202,164911,494181,1286151,2857889,6460588,14503537,32564921,75859428,181366004,440508894,1080337645,2645751865,6555815022,16317106534,40460198319,100110036478,246547509220,601487863453,
184,4462,38485,165475,491294,1272167,2834846,6418609,14377033,32402919,75835909,181133715,437446535,1071197806,2620126494,6489242906,16162168857,40123744282,99272909217,244514628078,596787778917,
184,4470,38581,165628,491122,1272375,2835257,6414750,14381726,32395297,75865740,181561732,438948265,1074990872,2626016284,6493952311,16156763070,40089846967,99230865488,244568735229,597264999976,
184,4460,38466,165445,491286,1271808,2835194,6415825,14371481,32392626,75775479,180961865,437082225,1069800990,2616455384,6482312229,16143440807,40082118935,99200545220,244395209423,596532257128,
184,4470,38581,165628,491122,1272375,2835257,6414750,14381725,32395271,75865450,181559816,438939588,1074965572,2625995597,6494087505,16157182235,40089961392,99229106490,244563315477,597254619909,
184,4460,38466,165445,491286,1271808,2835194,6415824,14371456,32392362,75773853,180955101,437065538,1069804854,2616604051,6482542673,16142902401,40079674628,99196084114,244390185393,596529737552,
184,4462,38485,165475,491294,1272167,2834846,6418608,14377007,32402629,75833993,181125035,437421171,1071176376,2620254650,6489610292,16162056099,40121411913,99266627258,244504250983,596776200982,
184,4606,38378,165806,495398,1280780,2839847,6430507,14414325,32232124,75566220,180633789,437671191,1074389387,2638330587,6547251363,16301920175,40411213374,99764327690,245305972230,598375836272,
184,4614,38474,165959,495226,1280988,2840289,6426780,14418705,32224701,75600908,181097507,439194312,1077726865,2643531592,6550693669,16288381499,40367740043,99750658130,245487752279,599194083882,
178,4716,39166,165921,492854,1271400,2842046,6442645,14307293,32322604,75730414,180618685,439171335,1078861848,2636296443,6518212985,16221788384,40173386504,99332866829,244904852790,597913238008,
184,4614,38450,165959,495370,1282428,2844705,6415260,14381116,32238531,75614655,181146947,439646038,1077804524,2642733455,6549949798,16283321915,40353307007,99751894255,245512893024,599174764135,
178,4716,39166,165921,492854,1271400,2842046,6442645,14307293,32322528,75729095,180609909,439143637,1078831362,2636385263,6518540096,16221660205,40171365943,99327173404,244890699917,597883249720,
184,4606,38354,165806,495542,1282220,2844263,6418987,14376736,32245878,75578680,180674717,438094735,1074435204,2637630708,6546821369,16296715335,40395128912,99760492806,245317483463,598328458190,
184,4606,38378,165806,495398,1280780,2839847,6430507,14414324,32232098,75565924,180631703,437660504,1074350604,2638249374,6547196833,16301932870,40410380595,99758645311,245287820417,598336727796,
184,4616,38493,165989,495238,1281395,2840075,6429135,14418776,32217143,75626367,181146670,439215681,1078451347,2646260645,6557806605,16307019005,40394598245,99769356507,245452409651,599037783411,
178,4718,39185,165951,492862,1271755,2841626,6444945,14307092,32309799,75736202,180580193,439034618,1079904329,2640410314,6527403394,16246162937,40219948194,99393736438,244970002984,598031222893,
184,4616,38469,165989,495382,1282835,2844491,6417615,14381188,32230999,75640404,181198038,439676168,1078554056,2645482001,6556935428,16301568393,40380120958,99772535216,245483010136,599027565325,
178,4718,39185,165951,492862,1271755,2841626,6444945,14307092,32309723,75734834,180570617,439002310,1079864817,2640515640,6527848513,16246193576,40217457679,99387154390,244959679117,598022137766,
184,4606,38354,165806,495542,1282220,2844263,6418987,14376736,32245878,75578625,180673747,438088115,1074412695,2637586502,6546747291,16296458150,40393674274,99755324165,245306672257,598315370795,
184,4614,38474,165959,495222,1280876,2839093,6420891,14407743,32241141,75725890,181367337,439408081,1077214432,2640900187,6543542030,16274760934,40347489858,99720186914,245435011836,599045987843,
184,4616,38493,165989,495230,1281215,2838495,6422686,14410219,32243741,75757885,181404130,439455873,1078010089,2643416615,6549858148,16293353009,40379297118,99752280428,245421399544,598920394732,
178,4726,39281,166104,492686,1271855,2840905,6435534,14302601,32327547,75905738,181329370,440905341,1083101161,2643081415,6524072281,16224723461,40166274691,99334148789,244994922280,598396630356,
184,4616,38469,165989,495374,1282655,2842911,6411167,14372656,32257785,75772229,181453486,439905285,1078077672,2642575316,6549082560,16288328779,40365312166,99754546579,245443894055,598883807074,
178,4726,39281,166104,492686,1271855,2840905,6435534,14302601,32327547,75905689,181328570,440900731,1083092135,2643097943,6524190775,16224886474,40165823137,99333292165,244998591127,598416217861,
184,4614,38450,165959,495366,1282316,2843509,6409372,14370180,32255185,75740185,181415881,439852799,1077273241,2640076436,6542874270,16269856670,40332919411,99720995131,245459295570,599026241244,
168,4460,38686,167240,497593,1278058,2830242,6403189,14339520,32348094,75677124,181180519,439613583,1076807337,2630558767,6510724902,16189307351,40132025289,99398044540,244889029375,597728817552,
168,4464,38756,167397,497491,1278126,2830930,6400478,14345243,32347415,75729939,181605456,440959751,1080424318,2636389888,6514430945,16182293607,40092807539,99323578266,244866866763,598000550753,
168,4456,38648,167195,497735,1277651,2830711,6400452,14335472,32330170,75625060,181007930,439101148,1075409387,2626701644,6502726554,16169322270,40086990066,99323603822,244771334943,597469691592,
168,4464,38756,167397,497491,1278126,2830930,6400478,14345239,32347311,75728791,181598448,440935273,1080388836,2636460990,6514831638,16182859738,40092326563,99319854733,244857546627,597984704512,
168,4456,38648,167195,497735,1277651,2830711,6400448,14335372,32329126,75619200,180990466,439090276,1075516785,2627031048,6502879058,16168279576,40084038196,99319593363,244770986169,597482925771,
168,4460,38686,167240,497593,1278058,2830242,6403185,14339416,32346946,75670116,181156047,439578233,1076879237,2630958889,6511274623,16188819316,40128617823,99390635600,244880448086,597728218296,
136,4344,38156,166634,498567,1285279,2851336,6462873,14457761,32365896,75424771,180230964,438194957,1076470856,2638821231,6546274187,16283212153,40331463811,99727604130,245416697515,598864863188,
136,4348,38226,166791,498465,1285347,2851990,6459625,14460845,32360088,75473742,180703471,439605385,1079665336,2643571357,6547925062,16267749994,40284042826,99703466281,245600706045,599674818110,
160,4556,38666,166347,498381,1282695,2852933,6451765,14336321,32298243,75447584,180409026,440037776,1080798574,2640174337,6531187389,16232390496,40162549710,99399424194,245002057166,598171976220,
136,4348,38226,166791,498401,1286307,2855446,6450665,14439303,32370516,75475292,180741859,439858459,1079710483,2642891662,6547011194,16265746225,40278598425,99703532857,245616427971,599675148560,
160,4556,38666,166347,498381,1282695,2852933,6451765,14336321,32298083,75444440,180387202,439981300,1080811854,2640493886,6531751773,16232261283,40160147337,99392773564,244987591305,598145947657,
136,4344,38156,166634,498503,1286239,2854792,6453913,14436219,32376164,75423177,180247528,438391539,1076529059,2638460405,6545930303,16281125352,40323808196,99721564635,245419386268,598842828003,
136,4344,38156,166634,498567,1285279,2851336,6462873,14457757,32365792,75423599,180223380,438164727,1076404059,2638794938,6546538301,16283809674,40330754767,99720781173,245396560039,598821408871,
136,4352,38264,166836,498327,1285802,2851655,6461928,14460087,32359098,75493262,180762136,439772203,1080567966,2647009290,6556616653,16286688965,40307600574,99706353939,245532146134,599479691198,
160,4560,38704,166392,498239,1283098,2852392,6454014,14336147,32292667,75450790,180407671,440043873,1081895887,2644662219,6540912367,16255792628,40207379593,99457317987,245067338687,598321172607,
136,4352,38264,166836,498263,1286762,2855111,6452968,14438549,32369630,75495960,180807532,440049755,1080648635,2646259437,6555311840,16284173877,40302802601,99710372430,245557239805,599495672493,
160,4560,38704,166392,498239,1283098,2852392,6454014,14336147,32292507,75447542,180383927,439976061,1081896271,2645072376,6541737092,16255666751,40204021354,99449665979,245055964187,598312401248,
136,4344,38156,166634,498503,1286239,2854792,6453913,14436219,32376164,75423049,180245032,438374451,1076484896,2638454354,6546058545,16281172345,40322573565,99716771446,245409056152,598828358472,
136,4348,38226,166791,498461,1285235,2850804,6453906,14450700,32376997,75594194,180954435,439747341,1079007371,2640777684,6540998845,16255929894,40269675385,99682548939,245547907150,599502215877,
136,4352,38264,166836,498319,1285622,2850085,6455649,14452446,32386819,75620870,181005844,439963325,1079971714,2643860542,6548644578,16274601356,40298559837,99700228374,245504008008,599345391908,
160,4564,38774,166549,498133,1283058,2851958,6445924,14333485,32318025,75641457,181131500,441656119,1084741722,2647128729,6536992599,16236029093,40156861558,99373924499,245012334517,598434873613,
136,4352,38264,166836,498255,1286582,2853541,6446693,14431008,32398235,75626284,181046880,440195257,1079957945,2643098834,6547749021,16273008097,40294298545,99701597790,245515888288,599324804058,
160,4564,38774,166549,498133,1283058,2851958,6445924,14333485,32318025,75641353,181129580,441644783,1084728826,2647219273,6537252044,16236028024,40155888257,99372818114,245015005911,598450909700,
136,4348,38226,166791,498397,1286195,2854260,6444950,14429262,32388413,75599504,180993551,439967937,1078980698,2640105992,6540355133,16254288819,40264263809,99682142279,245560335283,599494403671,
174,4372,38528,167370,495368,1272403,2832024,6404702,14299991,32221869,75564325,180672273,436841458,1069879489,2614209538,6475630676,16101003670,39920573610,98846253275,243526046673,594737869014,
174,4380,38624,167523,495196,1272611,2832436,6400866,14304637,32214439,75600219,181084824,438270105,1073721750,2620091837,6480198804,16096403762,39886066610,98797158300,243568197018,595211694500,
174,4368,38490,167325,495510,1271996,2832493,6401970,14294453,32204744,75500339,180458146,436314815,1068332999,2610336724,6468869467,16085210251,39884100042,98781886383,243425736118,594493065680,
174,4380,38624,167523,495196,1272611,2832436,6400866,14304635,32214379,75599453,181079408,438247684,1073675648,2620115419,6480579597,16097199781,39886211854,98794213742,243558759271,595192897003,
174,4368,38490,167325,495510,1271996,2832493,6401968,14294395,32204038,75495689,180441134,436290996,1068401186,2610680659,6469202235,16084257481,39880397313,98775175594,243420101517,594496239402,
174,4372,38528,167370,495368,1272403,2832024,6404700,14299931,32221103,75558909,180649845,436795218,1069901580,2614577231,6476345991,16100854333,39917030371,98836652209,243511440047,594724562282,
174,4514,38402,167686,499622,1280968,2837098,6416384,14338629,32050318,75288802,180193733,437123828,1073063582,2632267744,6530892367,16235227146,40205856285,99336606387,244324536872,596338386737,
174,4522,38498,167839,499450,1281176,2837540,6412598,14342301,32042017,75333606,180660110,438561998,1076360510,2637157538,6533609190,16222639792,40163093253,99324584783,244520646490,597175502810,
168,4624,39190,167801,497078,1271588,2839249,6428106,14231265,32141393,75430301,180092265,438398226,1076804751,2629228395,6504061894,16162511273,39981768803,98920163365,243895010444,595755246260,
174,4522,38474,167839,499594,1282616,2841956,6401078,14304679,32055245,75344066,180706650,439023700,1076366243,2635999746,6532733553,16219664172,40152751718,99324600352,244534553140,597128566704,
168,4624,39190,167801,497078,1271588,2839249,6428106,14231265,32141225,75426987,180069001,438335564,1076806247,2629561162,6504724409,16162442398,39979099793,98912102198,243876625806,595722001732,
174,4514,38378,167686,499766,1282408,2841514,6404864,14301007,32063378,75295980,180217273,437522416,1073069711,2631452541,6530666155,16232170264,40193257756,99329342627,244321020584,596261965488,
174,4514,38402,167686,499622,1280968,2837098,6416384,14338627,32050258,75288024,180187985,437097585,1072993778,2632209160,6531152531,16236161397,40206362991,99331134921,244303074726,596287677559,
174,4526,38536,167884,499312,1281631,2837205,6414900,14342367,32041280,75361312,180744362,438718710,1077197580,2640330843,6541579119,16239832147,40185055491,99326940401,244440593907,596954805993,
168,4628,39228,167846,496936,1271991,2838708,6430354,14231049,32135386,75439163,180092388,438409494,1077973853,2633579467,6513469257,16184995647,40024758513,98974702866,243936387261,595842521491,
174,4526,38512,167884,499456,1283071,2841621,6403380,14304747,32054568,75372538,180796330,439202941,1077249333,2639147855,6540328383,16236096328,40174638913,99330092656,244464227176,596926199965,
168,4628,39228,167846,496936,1271991,2838708,6430354,14231049,32135218,75435739,180067084,438334610,1077959821,2634004392,6514426783,16184998261,40021016344,98965245704,243920657420,595826825685,
174,4514,38378,167686,499766,1282408,2841514,6404864,14301007,32063378,75295858,180214901,437506372,1073030481,2631461979,6530834879,16232362146,40192476616,99324884971,244309388494,596241747854,
174,4522,38498,167839,499446,1281064,2836344,6406712,14331377,32058432,75456134,180915017,438732444,1075773318,2634484158,6526644735,16209636187,40143848146,99296592905,244473511893,597020534192,
174,4526,38536,167884,499304,1281451,2835625,6408454,14333849,32067887,75490858,180990561,438930367,1076706644,2637416541,6533511858,16225819141,40169406291,99312545437,244419227638,596843201556,
168,4636,39324,167999,496760,1272091,2837988,6420970,14226583,32153685,75613819,180810598,440145903,1081113333,2636216524,6509872409,16164330709,39970923429,98909072767,243960214044,596210074069,
174,4526,38512,167884,499448,1282891,2840041,6396936,14296287,32081713,75503420,181036277,439375723,1076691186,2636219961,6532589983,16222986564,40160105977,99314655519,244431015281,596779424699,
168,4636,39324,167999,496760,1272091,2837988,6420970,14226583,32153685,75613709,180808558,440133681,1081097805,2636308672,6510167586,16164405927,39969868163,98907676271,243962523394,596225609864,
174,4522,38474,167839,499590,1282504,2840760,6395194,14293815,32072258,75468586,180958681,439165470,1075742416,2633380814,6526006303,16206819357,40133338060,99296634809,244485482254,596968955513,
172,4506,38786,166781,495935,1278105,2830380,6390156,14341464,32353855,75638568,181203919,439159301,1076463827,2629119888,6499987233,16175227623,40106551156,99297118714,244764221289,597773767489,
172,4510,38860,166964,495853,1278215,2830990,6387149,14346837,32353068,75697391,181665626,440616540,1080254763,2635432201,6504210907,16167222123,40066453047,99224237210,244742633964,598050042361,
172,4502,38746,166717,496046,1277688,2830589,6388382,14336737,32340238,75589233,181044046,438783384,1075108241,2625501007,6492527354,16152405888,40055379533,99214334487,244628513697,597503876868,
172,4510,38860,166964,495853,1278215,2830990,6387149,14346833,32352964,75696203,181658026,440589850,1080221999,2635526980,6504622026,16167683632,40065752093,99220402553,244733781753,598035318766,
172,4502,38746,166717,496046,1277688,2830589,6388378,14336637,32339154,75582821,181024958,438777410,1075237049,2625824560,6492604322,16151358161,40052717692,99210965726,244628738719,597516897774,
172,4506,38786,166781,495935,1278105,2830380,6390152,14341360,32352667,75630968,181177231,439126637,1076559855,2629537836,6500471844,16174629933,40103213693,99290239732,244756684396,597774145990,
140,4390,38254,166156,496878,1285252,2850958,6451352,14457076,32375735,75405287,180230603,437861748,1076220369,2637397308,6536633611,16268357597,40303150959,99625364536,245290855174,598926443471,
140,4394,38328,166339,496796,1285362,2851534,6447809,14459858,32370128,75459429,180733548,439384991,1079562377,2642547930,6538596223,16251414406,40254650174,99600399681,245472263217,599766529850,
164,4602,38764,165869,496692,1282604,2852299,6441242,14335738,32302742,75446986,180431214,439698714,1080832081,2639059966,6520605053,16215298633,40130692177,99296095308,244891909666,598300410462,
140,4394,38328,166339,496732,1286322,2854990,6438849,14438316,32380556,75460899,180770984,439636649,1079622307,2641910579,6537682361,16249136291,40248396871,99599452590,245487798051,599768546042,
164,4602,38764,165869,496692,1282604,2852299,6441242,14335738,32302502,75442878,180407494,439651026,1080861957,2639374477,6521122818,16215123992,40128446889,99289675778,244877584270,598275490523,
140,4390,38254,166156,496814,1286212,2854414,6442392,14435534,32385923,75402649,180244319,438065686,1076309759,2637073388,6536244970,16265953950,40294833647,99618569834,245293590726,598907019013,
140,4390,38254,166156,496878,1285252,2850958,6451352,14457072,32375631,75404075,180222411,437828789,1076151710,2637385304,6536940475,16268901635,40301874784,99617024646,245268198114,598882790267,
140,4398,38368,166403,496689,1285827,2851459,6449149,14459767,32364653,75474966,180773077,439399446,1080441574,2645891916,6547159925,16274218529,40286330458,99616560527,245430271457,599592829188,
164,4606,38804,165933,496581,1283017,2852018,6442528,14336243,32292859,75447423,180416535,439563516,1081874928,2643332507,6529823192,16241652624,40181542999,99360037824,244974594454,598460493699,
140,4398,38368,166403,496625,1286787,2854915,6440189,14438229,32375185,75477624,180818113,439677794,1080534308,2645160730,6545844692,16271533717,40280943449,99619675355,245454711296,599609415837,
164,4606,38804,165933,496581,1283017,2852018,6442528,14336243,32292619,75443151,180390247,439504120,1081902036,2643745198,6530564519,16241415264,40178359554,99353007485,244964474347,598454412624,
140,4390,38254,166156,496814,1286212,2854414,6442392,14435534,32385923,75402461,180241159,438047709,1076271144,2637065521,6536368757,16265985771,40293266684,99612757837,245281432010,598892880081,
140,4394,38328,166339,496792,1285250,2850348,6442085,14449625,32386460,75577886,180979402,439518281,1078906834,2639800728,6531845167,16240098485,40240604015,99577327128,245418676217,599619979012,
140,4398,38368,166403,496681,1285647,2849889,6442865,14452038,32391797,75600619,181012283,439585655,1079856782,2642776294,6539292779,16262712898,40278100720,99609291348,245403792792,599485857060,
164,4610,38878,166116,496495,1283019,2851506,6434137,14333143,32317492,75641731,181172360,441287858,1084915700,2646332076,6526613737,16221587920,40130843772,99276721714,244920311886,598604711874,
140,4398,38368,166403,496617,1286607,2853345,6433909,14430600,32403173,75605581,181052687,439822257,1079850072,2642033666,6538417575,16260912432,40273107528,99609375437,245414684111,599466929834,
164,4610,38878,166116,496495,1283019,2851506,6434137,14333143,32317492,75641567,181169792,441276150,1084912932,2646430192,6526836403,16221520668,40129886644,99276002922,244924116576,598622379991,
140,4394,38328,166339,496728,1286210,2853804,6433129,14428187,32397836,75582684,181017238,439743175,1078897348,2639155688,6531185029,16238183764,40234473376,99576012790,245431274061,599615606996,
178,4418,38628,166911,493709,1272501,2832327,6390536,14302600,32238576,75569562,180843335,436804881,1070879340,2615811713,6470703210,16100633339,39925081102,98817512791,243616970955,595457805936,
178,4426,38728,167090,493557,1272751,2832661,6386403,14306868,32230867,75611775,181295368,438339292,1074886309,2622179378,6475693910,16094856993,39889173866,98768847565,243667302431,595970810436,
178,4414,38588,166847,493820,1272084,2832536,6388767,14296383,32225778,75508521,180642046,436411962,1069371725,2612160274,6464449589,16081699878,39881991906,98743499439,243494104139,595198351053,
178,4426,38728,167090,493557,1272751,2832661,6386403,14306866,32230807,75610989,181289576,438314735,1074839087,2622224406,6476105296,16095563018,39889054098,98765732442,243658408907,595953258203,
178,4414,38588,166847,493820,1272084,2832536,6388765,14296325,32225052,75503515,180623278,436389239,1069463252,2612519684,6464698266,16080690852,39878574838,98737602464,243489199737,595200603074,
178,4418,38628,166911,493709,1272501,2832327,6390534,14302540,32237790,75563770,180818775,436757601,1070923651,2616216327,6471365021,16100337589,39921556755,98808545868,243603623712,595444914024,
178,4560,38500,167208,497932,1280960,2836757,6403986,14337585,32070978,75319593,180330059,437218240,1074159923,2633772094,6527048058,16233881609,40207993024,99307099272,244413183132,597101508607,
178,4568,38600,167387,497780,1281210,2837121,6399905,14340963,32062961,75369716,180826533,438769036,1077602410,2639057905,6530032668,16219764733,40163928816,99293510386,244609984191,597976060261,
172,4670,39288,167323,495388,1271484,2838524,6417219,14230339,32153564,75490377,180255427,438457408,1078307141,2631124761,6499037087,16158680742,39978770914,98886297778,243996760318,596574055523,
178,4568,38576,167387,497924,1282650,2841537,6388385,14303341,32076189,75380096,180872157,439229814,1077625151,2637947977,6529160582,16216430156,40152632906,99292954019,244625654924,597934633261,
172,4670,39288,167323,495388,1271484,2838524,6417219,14230339,32153316,75486099,180230187,438402730,1078325105,2631462888,6499647245,16158551405,39976257084,98878427132,243978716822,596542500597,
178,4560,38476,167208,498076,1282400,2841173,6392466,14299963,32083958,75325727,180350707,437623856,1074199272,2633009987,6526774944,16230405892,40194586274,99299479648,244411837943,597031909253,
178,4560,38500,167208,497932,1280960,2836757,6403986,14337583,32070918,75318795,180323917,437189402,1074084777,2633720330,6527344301,16234804056,40207957773,99300042433,244389481762,597050905518,
178,4572,38640,167451,497673,1281675,2837046,6401244,14341696,32057739,75393459,180891875,438773401,1078412998,2642137080,6537854540,16240838203,40193875887,99308903465,244556934848,597777061489,
172,4674,39328,167387,495277,1271897,2838243,6418504,14230802,32143230,75496274,180242318,438331077,1079423578,2635257902,6507993925,16184440742,40028125217,98948474570,244060124745,596675909088,
178,4572,38616,167451,497817,1283115,2841462,6389724,14304076,32071027,75404625,180943303,439258844,1078482879,2640980510,6536576748,16236833262,40182769199,99311651487,244581790219,597752795044,
172,4674,39328,167387,495277,1271897,2838243,6418504,14230802,32142982,75491826,180214390,438263745,1079435614,2635696559,6508871805,16184303021,40024526234,98939629572,244045891068,596663491766,
178,4560,38476,167208,498076,1282400,2841173,6392466,14299963,32083958,75325545,180347669,437606921,1074165420,2633013171,6526921865,16230595901,40193513886,99294023695,244398591731,597012094491,
178,4568,38600,167387,497776,1281098,2835925,6394015,14329967,32078897,75490550,181076485,438928898,1077014564,2636416461,6523216843,16207184397,40144823077,99262863825,244555277211,597819145629,
178,4572,38640,167451,497665,1281495,2835466,6394794,14333106,32083867,75521331,181133513,438977837,1077932642,2639252426,6529880964,16227261132,40178854994,99293067541,244529901452,597663907261,
172,4682,39428,167566,495121,1272039,2837445,6408819,14225886,32160711,75674967,180995229,440175477,1082748370,2638416514,6505019946,16163199468,39973359760,98881249040,244083991658,597080240020,
178,4572,38616,167451,497809,1282935,2839882,6383276,14295544,32097633,75533225,181178469,439431261,1077928184,2638072021,6528965625,16224156470,40168735856,99294207745,244542623737,597606770622,
172,4682,39428,167566,495121,1272039,2837445,6408819,14225886,32160711,75674797,180992541,440162823,1082742442,2638517034,6505287834,16163194703,39972291279,98880271711,244087457166,597097277690,
178,4568,38576,167387,497920,1282538,2840341,6382497,14292405,32092663,75502274,181118741,439369560,1077004262,2635337664,6522557670,16204015439,40133478365,99262341584,244569333304,597775829810,
174,4516,38629,165838,496432,1290811,2867395,6434377,14340114,32281592,75552770,181666142,442272982,1083064402,2643667731,6540994580,16258792142,40313992011,99929761284,246303357738,600995363764,
174,4530,38730,165962,496157,1290975,2867838,6431385,14345547,32280543,75593160,182052670,443564492,1086548131,2649276419,6544913287,16252735919,40274516557,99852461424,246247889293,601111847561,
174,4516,38631,165844,496334,1290620,2867846,6430244,14336609,32266594,75508107,181546764,441831799,1081874569,2639927710,6532259344,16239822398,40276238415,99869884846,246206037629,600752908399,
174,4530,38730,165962,496157,1290975,2867838,6431385,14345547,32280543,75593160,182052670,443564492,1086548139,2649276851,6544919683,16252776113,40274580759,99851926555,246244670742,601103756782,
174,4516,38631,165844,496334,1290620,2867846,6430244,14336609,32266594,75508107,181546764,441831807,1081874993,2639934552,6532309614,16240010444,40276632537,99870621063,246207514457,600751875089,
174,4516,38629,165838,496432,1290811,2867395,6434377,14340114,32281592,75552770,181666142,442272990,1083064834,2643674909,6541049290,16259006090,40314410685,99929975620,246301819251,600985766797,
142,4402,38120,165266,498295,1298986,2877441,6485925,14451110,32334815,75453452,180797230,440810018,1081760243,2651155318,6576188051,16356542789,40530918170,100280971155,246864777878,602127471271,
142,4416,38221,165390,498020,1299150,2877848,6482406,14454332,32330359,75485406,181192946,442137360,1084956784,2656243950,6579271755,16342694677,40478761159,100232391888,246956526015,602689105579,
166,4616,38649,164996,496948,1292336,2877044,6483795,14371048,32316058,75507913,180916280,442405257,1087032695,2654013588,6563855782,16314712656,40375844892,99975115222,246533956062,601659749193,
142,4416,38221,165390,497956,1299086,2878232,6482662,14455356,32328055,75487582,181168882,442097456,1085092178,2656201726,6579111375,16343405036,40479514900,100227485862,246953960518,602701119880,
166,4616,38649,164996,496948,1292336,2877044,6483795,14371048,32316058,75507913,180916280,442405353,1087034983,2654033620,6563932254,16314835656,40376108738,99976677410,246537350517,601659876543,
142,4402,38120,165266,498231,1298922,2877825,6486181,14452134,32332511,75455628,180773166,440770210,1081898053,2651135086,6576115591,16357420816,40532080217,100277809925,246865296608,602139679525,
142,4402,38120,165266,498295,1298986,2877441,6485925,14451112,32334865,75454030,180801362,440829714,1081818617,2651213659,6575916966,16355587140,40530617875,100284025243,246869476515,602120977191,
142,4416,38219,165384,498122,1299389,2877537,6486183,14453391,32327921,75506017,181228972,442308654,1085751721,2659284343,6586882067,16356959044,40495582951,100240477718,246923412868,602589935633,
166,4616,38647,164990,497046,1292523,2876521,6487440,14370337,32307710,75505468,180873430,442389908,1088044494,2658446586,6573662005,16335055564,40412230908,100023690709,246590996626,601803756721,
142,4416,38219,165384,498058,1299325,2877921,6486439,14454415,32325617,75508193,181204908,442268750,1085887107,2659241887,6586718511,16357650457,40496326648,100235932011,246922125658,602601634983,
166,4616,38647,164990,497046,1292523,2876521,6487440,14370337,32307710,75505468,180873430,442390004,1088046774,2658466522,6573739233,16335196942,40412621958,100025739203,246595733384,601807629778,
142,4402,38120,165266,498231,1298922,2877825,6486181,14452136,32332561,75456206,180777298,440789906,1081956355,2651191883,6575831698,16356415835,40531717272,100281032062,246870649501,602133634971,
142,4416,38221,165390,498016,1299038,2876662,6476693,14444343,32349108,75619098,181508078,442490610,1084737494,2653850859,6572045337,16331245202,40474680257,100254931911,247021305146,602770024397,
142,4416,38219,165384,498114,1299209,2875967,6479910,14445900,32357328,75645115,181525132,442661136,1085468869,2656450439,6579135170,16346756007,40496351569,100267753086,246987922942,602674534349,
166,4630,38748,165114,496767,1292579,2875842,6479071,14367435,32333500,75692484,181615662,444156132,1091172507,2661028224,6569939477,16317302385,40370896647,99976021135,246611700873,602026040670,
142,4416,38219,165384,498050,1299145,2876351,6480166,14446924,32355024,75647291,181501068,442621320,1085606151,2656421877,6579004176,16347409966,40497017478,100264110328,246989326087,602692460158,
166,4630,38748,165114,496767,1292579,2875842,6479071,14367435,32333500,75692484,181615662,444156132,1091172507,2661028272,6569941305,16317325287,40371033271,99976494451,246612957158,602030029029,
142,4416,38221,165390,497952,1298974,2877046,6476949,14445367,32346804,75621274,181484014,442450794,1084874712,2653820857,6571902539,16331856887,40475275290,100251117489,247022015878,602787753711,
180,4428,38471,165968,493720,1284273,2874790,6444900,14305177,32145764,75301553,180945658,439283539,1075467977,2626301458,6503250927,16160700307,40066794272,99265734520,244638242215,597223437217,
180,4446,38598,166088,493375,1284577,2874959,6440824,14309534,32138559,75327135,181321123,440646999,1079195226,2631966420,6507859357,16156852386,40030768898,99209537375,244641402284,597516005978,
180,4428,38473,165974,493622,1284082,2875241,6440767,14300082,32130765,75242120,180781645,438837810,1074184146,2622590259,6495657540,16145038307,40034862149,99214230442,244561836358,597012027671,
180,4446,38598,166088,493375,1284577,2874959,6440824,14309534,32138559,75327135,181321123,440646999,1079195224,2631966352,6507858966,16156859017,40030777016,99209087613,244638147633,597504302021,
180,4428,38473,165974,493622,1284082,2875241,6440767,14300082,32130765,75242120,180781645,438837810,1074184256,2622593020,6495683773,16145149296,40035004009,99213802357,244559960793,597007098315,
180,4428,38471,165968,493720,1284273,2874790,6444900,14305177,32145764,75301553,180945658,439283539,1075468091,2626304319,6503278425,16160823431,40066928075,99264666399,244632448857,597205555508,
180,4572,38366,166318,499367,1294240,2863224,6444909,14332014,32028522,75263078,180549026,439519411,1077280342,2642831812,6556828008,16298560689,40370949506,99783076540,245502206902,598809024224,
180,4590,38493,166438,499022,1294544,2863419,6440852,14335736,32021470,75291505,180944004,440884071,1080583809,2648006498,6560847286,16287729160,40323231535,99745605716,245608526741,599399335239,
174,4684,39173,166450,495142,1278682,2862461,6470262,14287309,32189726,75439715,180375115,440363624,1082159194,2642081467,6535487250,16241624523,40176160789,99414894739,245195962615,598584511741,
180,4590,38469,166438,499166,1294448,2863227,6443156,14331944,32014510,75303089,180905600,440887471,1080743679,2647996428,6560740551,16288246269,40324397531,99742838271,245608789775,599405496925,
174,4684,39173,166450,495142,1278682,2862461,6470262,14287309,32189726,75439715,180375115,440363720,1082161482,2642101259,6535559976,16241717849,40176193775,99415045702,245194701955,598577760979,
180,4572,38342,166318,499511,1294144,2863032,6447213,14328222,32021562,75274694,180510778,439522691,1077442980,2642853028,6556778375,16299153248,40372514456,99780872205,245500375683,598808173102,
180,4572,38366,166318,499367,1294240,2863224,6444909,14332015,32028551,75263479,180552336,439536670,1077336398,2642912149,6556641448,16297551846,40369915032,99785177588,245507381844,598803135159,
180,4590,38491,166432,499124,1294783,2863108,6444629,14335613,32019268,75320256,181002221,441037725,1081315929,2650827824,6567720115,16299863905,40337378939,99752147650,245567346612,599283258832,
174,4684,39171,166444,495240,1278869,2861938,6473911,14286653,32181682,75445203,180334218,440337712,1083189297,2646384125,6545141819,16261394163,40210791224,99457814860,245227815788,598672155823,
180,4590,38467,166432,499268,1294687,2862916,6446933,14331821,32012308,75331840,180963817,441041125,1081475803,2650817920,6567613495,16300360677,40338419626,99749161832,245567620233,599289121491,
174,4684,39171,166444,495240,1278869,2861938,6473911,14286653,32181682,75445203,180334218,440337808,1083191577,2646403803,6545214627,16261497849,40210905697,99458291830,245227566612,598669598890,
180,4572,38342,166318,499511,1294144,2863032,6447213,14328223,32021591,75275095,180514088,439539950,1077498938,2642931425,6556576546,16298076880,40371284211,99782571253,245505022821,598802402705,
180,4590,38493,166438,499018,1294432,2862223,6434969,14324902,32039125,75424237,181253779,441253178,1080459468,2645866698,6553731075,16274545829,40312716486,99760523307,245680659585,599510960785,
180,4590,38491,166432,499116,1294603,2861528,6438186,14327182,32047026,75458827,181294230,441404533,1081161848,2648306857,6559939350,16287590080,40331994004,99773100276,245638547367,599394244941,
174,4702,39298,166564,494891,1279065,2860975,6464288,14281927,32200819,75617236,181067080,442205956,1086628153,2649219539,6541772811,16242442431,40164894978,99424926488,245318348101,599113269199,
180,4590,38467,166432,499260,1294507,2861336,6440490,14323390,32040066,75470411,181255826,441408029,1081323940,2648314716,6559884795,16288095325,40333029117,99771089880,245640975889,599404100864,
174,4702,39298,166564,494891,1279065,2860975,6464288,14281927,32200819,75617236,181067080,442205956,1086628153,2649219587,6541774411,16242462057,40165014889,99425341886,245319356758,599116793414,
180,4590,38469,166438,499162,1294336,2862031,6437273,14321110,32032165,75435821,181215375,441256674,1080621460,2645872497,6553661238,16275001004,40313657248,99758225275,245682155189,599520253075,
178,4564,38744,165360,494639,1291296,2866697,6418038,14334757,32282261,75437531,181440147,441117845,1080327684,2637546053,6520689048,16222092443,40240670680,99708268994,245828674649,600068847135,
178,4578,38849,165510,494384,1291506,2867076,6414700,14339962,32281170,75482046,181863972,442521920,1083968614,2643694896,6525390990,16215495274,40201778003,99632750095,245773736876,600201832314,
178,4564,38744,165347,494510,1291095,2866888,6414884,14330709,32271866,75396013,181333773,440810140,1079167302,2634048131,6512625128,16200756876,40197730413,99640245838,245711945749,599804502068,
178,4578,38849,165510,494384,1291506,2867076,6414700,14339962,32281170,75482046,181863972,442521920,1083968630,2643695658,6525401598,16215564752,40201981245,99632693683,245771633146,600194230812,
178,4564,38744,165347,494510,1291095,2866888,6414884,14330709,32271866,75396013,181333773,440810136,1079167630,2634052917,6512647202,16200798920,40197821539,99640816588,245713516858,599804735565,
178,4564,38744,165360,494639,1291296,2866697,6418038,14334757,32282261,75437531,181440147,441117841,1080328028,2637551505,6520719774,16222189721,40240926006,99708800016,245828370916,600061118624,
146,4450,38233,164769,496471,1299397,2876227,6471098,14443056,32338770,75355692,180557221,439810205,1079148292,2644964823,6556610802,16318468043,40454755709,100058959234,246388648776,601189199247,
146,4464,38338,164919,496216,1299607,2876570,6467234,14446058,32334201,75390998,180987788,441241924,1082476581,2650529025,6560112998,16303067111,40402606375,100012191133,246485329934,601808011815,
170,4664,38762,164499,495124,1292683,2875574,6469982,14363300,32315961,75434124,180703439,441366046,1084566561,2648023953,6543463498,16274882917,40297470493,99748316898,246053516581,600756860818,
146,4464,38338,164919,496152,1299543,2876954,6467490,14447082,32331961,75394006,180966260,441195660,1082575789,2650462294,6560075888,16303989651,40403181608,100006148672,246480029526,601815920224,
170,4664,38762,164499,495124,1292683,2875574,6469982,14363300,32315961,75434124,180703439,441366270,1084570913,2648051009,6543521692,16274935993,40297844868,99749787834,246054528288,600753946091,
146,4450,38233,164769,496407,1299333,2876611,6471354,14444080,32336530,75358700,180535693,439764165,1079251964,2644926764,6556640404,16319475555,40455827061,100054595487,246384247931,601194750866,
146,4450,38233,164769,496471,1299397,2876227,6471098,14443058,32338820,75356290,180561673,439831569,1079207477,2645005212,6556305856,16317557569,40454759264,100062816830,246394505172,601182484060,
146,4464,38338,164932,496349,1299856,2876519,6470032,14445648,32326962,75407238,181007494,441275690,1083239535,2653388231,6567451962,16321172501,40427986274,100034900337,246480272281,601727575401,
170,4664,38762,164512,495253,1292880,2875311,6472648,14363132,32303010,75428554,180647905,441216839,1085539496,2652205878,6552557022,16297825791,40339871344,99805214259,246133093561,600922913797,
146,4464,38338,164932,496285,1299792,2876903,6470288,14446672,32324722,75410246,180985966,441229426,1083338727,2653320934,6567407358,16322045751,40428407555,100028731342,246475148581,601734765492,
170,4664,38762,164512,495253,1292880,2875311,6472648,14363132,32303010,75428554,180647905,441217063,1085543856,2652233158,6552618088,16297901899,40340383419,99807338603,246136318634,600925120400,
146,4450,38233,164769,496407,1299333,2876611,6471354,14444082,32336580,75359298,180540145,439785529,1079311085,2644965611,6556320698,16318491039,40455631714,100058270821,246390432897,601189243915,
146,4464,38338,164919,496212,1299495,2875384,6461516,14435981,32352437,75523719,181303242,441595742,1082251075,2648126051,6552942658,16291901061,40398227593,100030993807,246543721408,601889782129,
146,4464,38338,164932,496341,1299676,2874949,6463754,14438069,32355856,75545345,181303656,441628112,1082957112,2650564988,6559770002,16311220426,40428025108,100057095516,246537416779,601815012494,
170,4678,38867,164662,494994,1292982,2874568,6463928,14359914,32328245,75618704,181427436,443097716,1088840947,2655360592,6549731720,16279945382,40298653481,99753914398,246142592338,601156510420,
146,4464,38338,164932,496277,1299612,2875333,6464010,14439093,32353616,75548353,181282128,441582076,1083060344,2650520321,6559764926,16312119468,40428754990,100051904757,246532672197,601824456880,
170,4678,38867,164662,494994,1292982,2874568,6463928,14359914,32328245,75618704,181427436,443097716,1088840947,2655360652,6549733476,16279966402,40298797345,99754579428,246144739122,601161648730,
146,4464,38338,164919,496148,1299431,2875768,6461772,14437005,32350197,75526727,181281714,441549706,1082354251,2648080112,6552926810,16292758907,40398891899,100025797214,246539143246,601900191213,
184,4476,38586,165490,491926,1284809,2874263,6427524,14301055,32159273,75235739,180881072,438566790,1074095453,2623382275,6489647114,16140393022,40030867457,99135062965,244414903816,597062859277,
184,4494,38717,165636,491601,1285159,2874368,6423101,14305176,32152035,75265577,181294041,440043395,1077973853,2629561886,6494966353,16135872144,39995105637,99080615427,244425530708,597400299918,
184,4476,38586,165477,491797,1284608,2874454,6424370,14295417,32148877,75179447,180729987,438254804,1072841540,2619894916,6482675395,16122021994,39993425595,99074746503,244313995116,596826001218,
184,4494,38717,165636,491601,1285159,2874368,6423101,14305176,32152035,75265577,181294041,440043395,1077973862,2629562097,6494968470,16135894296,39995206719,99080581331,244423444700,597389717595,
184,4476,38586,165477,491797,1284608,2874454,6424370,14295417,32148877,75179447,180729987,438254793,1072841499,2619896033,6482682563,16122011155,39993223598,99074014681,244312288115,596822203886,
184,4476,38586,165490,491926,1284809,2874263,6427524,14301055,32159273,75235739,180881072,438566779,1074095427,2623383771,6489658049,16140409716,40030749355,99134106094,244410489256,597047428410,
184,4620,38479,165821,497542,1294670,2862053,6429301,14324171,32045176,75221341,180461303,438971604,1076049786,2639692576,6543757637,16276462974,40333184791,99653042576,245276796378,598656843650,
184,4638,38610,165967,497217,1295020,2862184,6424899,14327681,32038094,75253284,180891051,440441636,1079480015,2645319933,6548191539,16264004456,40285155702,99617089707,245388888326,599305722392,
178,4732,39286,165953,493317,1279016,2860906,6456181,14279788,32199179,75432172,180316998,439736965,1081150312,2639198590,6521361402,16217385663,40133752615,99272995982,244950865635,598431806371,
184,4638,38586,165967,497361,1294924,2861992,6427203,14323889,32031198,75265700,180854915,440436424,1079600965,2645284311,6548220663,16264772522,40286125501,99612692499,245384696927,599305072520,
178,4732,39286,165953,493317,1279016,2860906,6456181,14279788,32199179,75432172,180316998,439737189,1081154664,2639225266,6521415408,16217401045,40133793481,99272882763,244947765282,598422608058,
184,4620,38455,165821,497686,1294574,2861861,6431605,14320379,32038280,75233789,180425323,438966400,1076175552,2639694772,6543822039,16277215142,40334536532,99648965944,245268894409,598647310807,
184,4620,38479,165821,497542,1294670,2862053,6429301,14324172,32045205,75221758,180464865,438990175,1076106834,2639761029,6543540599,16275449466,40332391169,99655936261,245283346673,598652271328,
184,4638,38610,165980,497350,1295269,2862133,6427697,14328089,32031091,75277660,180932904,440457480,1080181393,2647969264,6554769077,16279965001,40307700470,99638073028,245376476750,599208853897,
178,4732,39286,165966,493446,1279213,2860643,6458851,14279675,32186532,75434535,180263425,439577342,1082143061,2643262628,6530389621,16240032786,40174501604,99325211955,245010235722,598545625429,
184,4638,38586,165980,497494,1295173,2861941,6430001,14324297,32024195,75290076,180896768,440452268,1080302336,2647933529,6554795786,16280696758,40308448455,99633030524,245371134417,599206922514,
178,4732,39286,165966,493446,1279213,2860643,6458851,14279675,32186532,75434535,180263425,439577566,1082147421,2643289506,6530445588,16240062367,40174639648,99325606315,245009054290,598542216628,
184,4620,38455,165821,497686,1294574,2861861,6431605,14320380,32038309,75234206,180428885,438984971,1076232507,2639761346,6543589435,16276123237,40333462173,99651171776,245274527683,598643148515,
184,4638,38610,165967,497213,1294908,2860988,6419012,14316775,32055310,75385058,181200619,440810895,1079351270,2643168024,6541083997,16250990459,40274157315,99627046043,245447882665,599396344314,
184,4638,38610,165980,497342,1295089,2860553,6421250,14319586,32058410,75415257,181224454,440823912,1080028096,2645454376,6547011737,16267855741,40301486563,99652852170,245433039925,599298655309,
178,4750,39417,166112,493117,1279455,2859616,6448877,14274641,32205197,75609850,181033332,441561002,1085752271,2646639600,6527810904,16220708891,40128117831,99287570095,245088782868,599001178042,
184,4638,38586,165980,497486,1294993,2860361,6423554,14315794,32051514,75427673,181188318,440818935,1080153456,2645444580,6547087806,16268627110,40302559038,99648842081,245427953718,599297286070,
178,4750,39417,166112,493117,1279455,2859616,6448877,14274641,32205197,75609850,181033332,441561002,1085752271,2646639660,6527812235,16220725778,40128248764,99288187826,245090714561,599006051253,
184,4638,38586,165967,497357,1294812,2860796,6421316,14312983,32048414,75397474,181164483,440805918,1079476542,2643156408,6541146041,16251712419,40275140015,99622908526,245442744194,599395782047,
168,4484,38790,167180,498784,1290762,2862558,6403353,14270346,32119466,75167838,181028016,440204522,1077748561,2629184949,6503791644,16167424669,40076218085,99365177576,245015202728,598360547672,
168,4498,38895,167330,498529,1290972,2862937,6399971,14274681,32114179,75203638,181404486,441498898,1081419618,2635212962,6507973845,16161288831,40035342319,99280801486,244947992936,598473985630,
168,4482,38771,167152,498805,1290513,2862870,6400233,14266189,32102465,75126952,180901056,439791001,1076450606,2625080210,6494749242,16147603634,40037707159,99310185317,244930250711,598129165123,
168,4498,38895,167330,498529,1290972,2862937,6399971,14274681,32114179,75203638,181404486,441498898,1081419626,2635213426,6507981233,16161339797,40035455407,99280331447,244944692440,598466314395,
168,4482,38771,167152,498805,1290513,2862870,6400233,14266189,32102465,75126952,180901056,439791009,1076451030,2625086998,6494797940,16147772570,40037980767,99310532717,244931294094,598128921331,
168,4484,38790,167180,498784,1290762,2862558,6403353,14270346,32119466,75167838,181028016,440204530,1077748993,2629192105,6503845774,16167630279,40076565131,99365067901,245013148323,598352155053,
136,4368,38260,166574,500766,1298815,2872177,6456275,14379360,32172417,75082320,180155530,438878667,1076520162,2636904984,6539747808,16261550042,40285149463,99702079685,245554747279,599510361955,
136,4382,38365,166724,500511,1299025,2872520,6452320,14381238,32163983,75109570,180530000,440152965,1079831656,2642301284,6542855608,16247840053,40232528649,99650244000,245647357972,600100409841,
160,4582,38789,166304,499419,1292101,2871492,6454870,14299408,32151468,75155218,180294830,440516177,1082105641,2640239846,6528062524,16219061849,40125674558,99394475600,245217409102,599022445947,
136,4382,38365,166724,500447,1298961,2872904,6452576,14382262,32161679,75111746,180505936,440113061,1079967034,2642258462,6542691188,16248527740,40233150862,99644900331,245644323889,600113896413,
160,4582,38789,166304,499419,1292101,2871492,6454870,14299408,32151468,75155218,180294830,440516273,1082107929,2640259846,6528137902,16219169269,40125831457,99395702745,245220493321,599022822136,
136,4368,38260,166574,500702,1298751,2872561,6456531,14380384,32170113,75084496,180131466,438838859,1076657956,2636884122,6539670214,16262389817,40286073067,99698146631,245554491954,599524302624,
136,4368,38260,166574,500766,1298815,2872177,6456275,14379364,32172533,75083884,180167870,438934831,1076636321,2636826479,6538838645,16259872103,40285297098,99707979351,245567367576,599520229646,
136,4384,38384,166752,500494,1299322,2872348,6455082,14380951,32163824,75128258,180583130,440344419,1080836695,2645688941,6550390630,16262812536,40251618476,99656109254,245601898659,599978842042,
160,4584,38808,166332,499398,1292346,2871108,6457502,14299351,32145189,75149982,180267770,440509634,1083283339,2644905788,6537606683,16239815022,40163709842,99442155870,245271612168,599166339967,
136,4384,38384,166752,500430,1299258,2872732,6455338,14381975,32161520,75130434,180559066,440304515,1080972073,2645645919,6550222026,16263470441,40252184871,99651053074,245600210078,599991649855,
160,4584,38808,166332,499398,1292346,2871108,6457502,14299351,32145189,75149982,180267770,440509730,1083285619,2644925692,6537683257,16239947198,40164020181,99443884619,245276109522,599171477719,
136,4368,38260,166574,500702,1298751,2872561,6456531,14380388,32170229,75086060,180143806,438895023,1076774043,2636804041,6538747691,16260658152,40286135402,99704164910,245567921460,599535235657,
136,4382,38365,166724,500507,1298913,2871334,6446609,14371317,32183828,75253606,180902008,440669605,1079765960,2639591286,6534562326,16235195198,40228931716,99680094059,245739141121,600243112876,
136,4384,38384,166752,500486,1299142,2870778,6448811,14373526,32194261,75276714,180927958,440823823,1080649524,2642672768,6542201315,16252101753,40252408653,99688026992,245686445905,600112175320,
160,4598,38913,166482,499139,1292448,2870365,6448745,14295417,32167771,75341766,181048612,442404110,1086689369,2647733240,6533595821,16221453532,40121002459,99390824332,245301421156,599433823601,
136,4384,38384,166752,500422,1299078,2871162,6449067,14374550,32191957,75278890,180903894,440784007,1080786798,2642643662,6542065751,16252725734,40252910829,99683927651,245687572051,600130667982,
160,4598,38913,166482,499139,1292448,2870365,6448745,14295417,32167771,75341766,181048612,442404110,1086689369,2647733288,6533598089,16221482812,40121165319,99391312946,245302748249,599438827848,
136,4382,38365,166724,500443,1298849,2871718,6446865,14372341,32181524,75255782,180877944,440629789,1079903162,2639560676,6534415414,16235783347,40229386140,99675846420,245739662072,600262385641,
174,4396,38632,167310,496087,1284467,2870950,6413844,14233453,31985661,74944025,180351520,437451834,1071306798,2613648540,6469577937,16079464353,39847805993,98770241828,243581397651,595237076200,
174,4414,38763,167456,495762,1284817,2871055,6409379,14236741,31974597,74967021,180720389,438814921,1075188784,2619705224,6474585348,16075520570,39811298377,98710157794,243578345345,595551817499,
174,4394,38613,167282,496108,1284218,2871262,6410727,14227724,31968637,74888364,180180437,437031135,1069917438,2609646253,6461731492,16062815829,39816261298,98724448218,243517227554,595040204130,
174,4414,38763,167456,495762,1284817,2871055,6409379,14236741,31974597,74967021,180720389,438814921,1075188782,2619705164,6474585249,16075531294,39811335428,98709823591,243575398418,595540831343,
174,4394,38613,167282,496108,1284218,2871262,6410727,14227724,31968637,74888364,180180437,437031135,1069917540,2609648685,6461752963,16062894710,39816300555,98723901049,243515348136,595034850187,
174,4396,38632,167310,496087,1284467,2870950,6413844,14233453,31985661,74944025,180351520,437451834,1071306904,2613651080,6469600965,16079559462,39847866126,98769170188,243575908192,595219485897,
174,4538,38506,167626,501853,1294280,2858813,6415372,14257446,31869199,74924702,179950346,437869868,1073282954,2630627469,6524418678,16213653124,40144466986,99268335726,244405720641,596825965175,
174,4556,38637,167772,501528,1294630,2858944,6410879,14259812,31858250,74949616,180326408,439184096,1076681136,2636052956,6528500574,16203001825,40097172807,99230361834,244516879830,597456602140,
168,4650,39313,167758,497628,1278626,2857618,6441853,14213154,32027028,75127944,179804106,438767522,1078584279,2630501191,6503710153,16154946229,39942724901,98895960634,244090900839,596580519468,
174,4556,38613,167772,501672,1294534,2858752,6413183,14256020,31851290,74961200,180288004,439187472,1076840634,2636040721,6528388293,16203480645,40098109468,99227231085,244517516846,597465125909,
168,4650,39313,167758,497628,1278626,2857618,6441853,14213154,32027028,75127944,179804106,438767618,1078586567,2630520647,6503777078,16155002955,39942652343,98895954683,244089459224,596573437981,
174,4538,38482,167626,501997,1294184,2858621,6417676,14253654,31862239,74936318,179912098,437873124,1073445220,2630646184,6524357698,16214170860,40145697932,99265613382,244404075450,596827155224,
174,4538,38506,167626,501853,1294280,2858813,6415372,14257448,31869265,74925758,179960086,437920439,1073408996,2630639841,6523683141,16211881763,40143959419,99273830939,244419175355,596833777058,
174,4558,38656,167800,501511,1294927,2858772,6413640,14260357,31858384,74975909,180400561,439357526,1077633499,2639260516,6535392543,16215872055,40113119990,99234228046,244462662489,597315134127,
168,4652,39332,167786,497607,1278871,2857234,6444486,14213133,32021046,75130315,179776709,438749820,1079789417,2635036096,6513158219,16175212031,39978100499,98937780290,244119682310,596661319710,
174,4558,38632,167800,501655,1294831,2858580,6415944,14256565,31851424,74987493,180362157,439360926,1077793169,2639248019,6535277877,16216333969,40113900345,99230743813,244463066110,597322585674,
168,4652,39332,167786,497607,1278871,2857234,6444486,14213133,32021046,75130315,179776709,438749916,1079791697,2635055438,6513225446,16175282471,39978127360,98938156268,244119491185,596659231663,
174,4538,38482,167626,501997,1294184,2858621,6417676,14253656,31862305,74937374,179921838,437923695,1073571164,2630656608,6523606820,16212331235,40144983593,99270646958,244416933928,596835174923,
174,4556,38637,167772,501524,1294518,2857748,6404997,14249016,31876637,75090456,180686501,439715072,1076755436,2633697613,6520326784,16188389773,40086340740,99249828081,244607132842,597603078619,
174,4558,38656,167800,501503,1294747,2857192,6407198,14251963,31886837,75121933,180736458,439852891,1077607977,2636590259,6527091976,16202900299,40106869182,99256483147,244544556230,597450303562,
168,4670,39463,167932,497278,1279113,2856207,6434475,14207375,32037019,75307215,180546863,440743944,1083503993,2638126479,6509506807,16155462684,39930946842,98900633837,244216480559,597151454233,
174,4558,38632,167800,501647,1294651,2857000,6409502,14248171,31879877,75133517,180698054,439856387,1077769873,2636595518,6527028338,16203366237,40107641333,99253937238,244546936745,597461833438,
168,4670,39463,167932,497278,1279113,2856207,6434475,14207375,32037019,75307215,180546863,440743944,1083503993,2638126527,6509508627,16155485664,39931084685,98901105157,244217728518,597155783163,
174,4556,38613,167772,501668,1294422,2857556,6407301,14245224,31869677,75102040,180648097,439718544,1076917064,2633701232,6520250292,16188801471,40087038536,99247070012,244608756041,597614907473,
172,4532,38905,166702,497001,1291429,2863025,6389444,14263161,32122706,75096157,180943015,439844025,1077598600,2628597388,6494187133,16151311496,40044387000,99251846766,244878323788,598432497157,
172,4546,39014,166878,496766,1291685,2863340,6385716,14267260,32117273,75135442,181354574,441252810,1081452589,2635157318,6499106513,16144839916,40004090375,99169275438,244812389965,598561178214,
172,4530,38884,166655,496991,1291170,2863077,6387303,14258465,32110364,75058613,180829212,439565736,1076329848,2624690633,6485787320,16129181538,40000744945,99188427879,244772558208,598178361710,
172,4546,39014,166878,496766,1291685,2863340,6385716,14267260,32117273,75135442,181354574,441252810,1081452605,2635158092,6499117813,16144917968,40004332379,99169263538,244810207988,598553909611,
172,4530,38884,166655,496991,1291170,2863077,6387303,14258465,32110364,75058613,180829212,439565732,1076330196,2624695937,6485812346,16129212924,40000690909,99188600978,244774125412,598179997028,
172,4532,38905,166702,497001,1291429,2863025,6389444,14263161,32122706,75096157,180943015,439844021,1077598964,2628603370,6494221503,16151406690,40044535926,99252024625,244877937375,598426498268,
140,4416,38373,166077,498952,1299408,2872128,6443878,14369482,32179031,75029123,180058076,438669092,1076487308,2636184368,6530827644,16243931045,40250729339,99588864362,245415489013,599577585941,
140,4430,38482,166253,498717,1299664,2872407,6439578,14371132,32170348,75058749,180465045,440052507,1079947889,2642057629,6534356601,16228843675,40197990209,99538409615,245513568967,600223102230,
164,4630,38902,165807,497605,1292630,2871187,6443487,14289836,32154030,75125672,180224872,440272404,1082200206,2639639228,6518210940,16199734033,40089165452,99277425400,245075134963,599124600745,
140,4430,38482,166253,498653,1299600,2872791,6439834,14372156,32168108,75061757,180443013,440004315,1080050521,2642009154,6534313143,16229697742,40198445326,99531994077,245507760313,600232672186,
