2,3,4,5,6,7,8,9,10,11,12,13,14,15,
64,192,2620,13742,100847,585455,3514449,19567296,106489957,553868810,2793084224,13562041709,63711466028,288899204231,
64,192,2623,13760,101121,586969,3526533,19625811,106918658,555723442,2804202767,13610007560,63942426518,289848035059,
64,192,2623,13760,101121,586969,3526533,19625811,106918658,555723442,2804202767,13610007560,63942426518,289848035059,
64,192,2620,13742,100833,585384,3513625,19566043,106472487,553837382,2792841106,13561030059,63704773197,288862031955,
64,192,2611,13694,100097,581065,3479701,19379207,105271032,547843710,2760622561,13412278962,63025060272,286024134853,
64,192,2620,13742,100833,585384,3513625,19566043,106472487,553837382,2792841106,13561030059,63704773197,288862031955,
64,192,2620,13742,100847,585455,3514449,19567296,106489957,553868810,2793084224,13562041709,63711466028,288899204231,
64,192,2628,13786,101515,589278,3544842,19730632,107576370,559176048,2822379224,13695077826,64323825545,291412565598,
64,192,2620,13740,100846,585440,3515413,19566904,106541920,553938856,2794241060,13565227132,63729489390,288950371552,
64,192,2621,13744,100924,585876,3519257,19588468,106677684,554626908,2797933909,13581924212,63807550508,289268442288,
64,192,2622,13753,101003,586326,3521426,19607330,106752557,555236182,2800589121,13596213527,63865142422,289500615495,
64,192,2619,13735,100729,584815,3509366,19548978,106324343,553379162,2789441514,13548124391,63634129108,288553039348,
64,192,2622,13753,101003,586326,3521426,19607330,106752557,555236182,2800589121,13596213527,63865142422,289500615495,
64,192,2622,13753,101003,586326,3521426,19607330,106752557,555236182,2800589121,13596213527,63865142422,289500615495,
64,192,2619,13735,100729,584815,3509366,19548978,106324343,553379162,2789441514,13548124391,63634129108,288553039348,
64,192,2622,13753,101003,586326,3521426,19607330,106752557,555236182,2800589121,13596213527,63865142422,289500615495,
64,192,2628,13786,101515,589278,3544842,19730632,107576370,559176048,2822379224,13695077826,64323825545,291412565598,
64,192,2620,13742,100847,585455,3514449,19567296,106489957,553868810,2793084224,13562041709,63711466028,288899204231,
64,192,2620,13739,100797,585311,3512897,19572478,106439385,554065596,2792365059,13563839371,63701482516,288877575083,
64,192,2619,13735,100729,584815,3509366,19548978,106324343,553379162,2789441514,13548124391,63634129108,288553039348,
64,192,2620,13742,100833,585384,3513625,19566043,106472487,553837382,2792841106,13561030059,63704773197,288862031955,
64,192,2628,13786,101515,589278,3544842,19730632,107576370,559176048,2822379224,13695077826,64323825545,291412565598,
64,192,2620,13742,100847,585455,3514449,19567296,106489957,553868810,2793084224,13562041709,63711466028,288899204231,
64,192,2620,13739,100797,585311,3512897,19572478,106439385,554065596,2792365059,13563839371,63701482516,288877575083,
64,192,2611,13694,100097,581065,3479701,19379207,105271032,547843710,2760622561,13412278962,63025060272,286024134853,
64,192,2619,13735,100729,584815,3509366,19548978,106324343,553379162,2789441514,13548124391,63634129108,288553039348,
64,192,2620,13742,100833,585384,3513625,19566043,106472487,553837382,2792841106,13561030059,63704773197,288862031955,
64,192,2628,13786,101515,589278,3544842,19730632,107576370,559176048,2822379224,13695077826,64323825545,291412565598,
64,192,2615,13712,100441,583100,3497201,19466331,105899529,550669375,2776803130,13484067672,63362127030,287423623694,
64,192,2616,13718,100532,583579,3501176,19485668,106039456,551315469,2780547630,13500664936,63439440700,287737088672,
64,192,2614,13707,100360,582628,3493313,19444916,105768025,550005128,2773337668,13467897501,63287204528,287105929942,
64,192,2616,13718,100530,583574,3501117,19485873,106040859,551331336,2780631968,13501019324,63440657180,287737908531,
64,192,2615,13715,100406,582973,3494099,19464304,105774406,550540713,2774285535,13477799865,63318026821,287268520832,
64,192,2612,13700,100168,581532,3482743,19399390,105378987,548459883,2763645157,13427077454,63090398820,286304730220,
64,192,2621,13748,100890,585729,3515642,19590344,106533969,554622596,2795328167,13577515658,63763956240,289120015861,
64,192,2624,13766,101164,587240,3527702,19648696,106962183,556479616,2806475774,13625604794,63994969554,290067592008,
64,192,2620,13742,100833,585384,3513625,19566043,106472487,553837382,2792841106,13561030059,63704773197,288862031955,
64,192,2614,13709,100321,582432,3490209,19442777,105648854,549899532,2771053121,13462218512,63246131882,286950665196,
64,192,2624,13766,101164,587240,3527702,19648696,106962183,556479616,2806475774,13625604794,63994969554,290067592008,
64,192,2621,13748,100918,585925,3517515,19587606,106598219,554480579,2796075638,13576664164,63776709944,289180470935,
64,192,2624,13766,101192,587436,3529575,19646246,107029301,556368364,2807394769,13625668410,64009893655,290134051996,
64,192,2620,13742,100833,585381,3513601,19565916,106472180,553841786,2792872288,13561206096,63704867829,288861360618,
64,192,2615,13715,100406,582973,3494099,19464304,105774406,550540713,2774285535,13477799865,63318026821,287268520832,
64,192,2621,13748,100918,585925,3517515,19587606,106598219,554480579,2796075638,13576664164,63776709944,289180470935,
64,192,2621,13748,100918,585925,3517515,19587606,106598219,554480579,2796075638,13576664164,63776709944,289180470935,
64,192,2615,13715,100406,582973,3494099,19464304,105774406,550540713,2774285535,13477799865,63318026821,287268520832,
64,192,2623,13760,101121,586969,3526533,19625811,106918658,555723442,2804202767,13610007560,63942426518,289848035059,
64,192,2611,13694,100097,581065,3479701,19379207,105271032,547843710,2760622561,13412278962,63025060272,286024134853,
64,192,2612,13700,100168,581532,3482743,19399390,105378987,548459883,2763645157,13427077454,63090398820,286304730220,
64,192,2624,13766,101192,587436,3529575,19646246,107029301,556368364,2807394769,13625668410,64009893655,290134051996,
64,192,2615,13715,100406,582973,3494099,19464304,105774406,550540713,2774285535,13477799865,63318026821,287268520832,
64,192,2621,13748,100918,585925,3517515,19587858,106600907,554509328,2796245044,13577526522,63778838533,289185892505,
64,192,2620,13742,100847,585455,3514449,19567296,106489957,553868810,2793084224,13562041709,63711466028,288899204231,
64,192,2614,13709,100335,582503,3491033,19443994,105666144,549928944,2771294121,13463177410,63252782905,286987254128,
64,192,2620,13742,100833,585384,3513625,19566043,106472487,553837382,2792841106,13561030059,63704773197,288862031955,
64,192,2623,13760,101121,586969,3526533,19625811,106918658,555723442,2804202767,13610007560,63942426518,289848035059,
64,192,2620,13742,100847,585455,3514449,19567296,106489957,553868810,2793084224,13562041709,63711466028,288899204231,
64,192,2622,13753,101003,586326,3521426,19607330,106752557,555236182,2800589121,13596213527,63865142422,289500615495,
64,192,2614,13709,100321,582432,3490209,19442777,105648854,549899532,2771053121,13462218512,63246131882,286950665196,
64,192,2620,13742,100833,585381,3513601,19565916,106472180,553841786,2792872288,13561206096,63704867829,288861360618,
64,192,2611,13694,100097,581065,3479701,19379207,105271032,547843710,2760622561,13412278962,63025060272,286024134853,
64,192,2614,13709,100335,582503,3491033,19443994,105666144,549928944,2771294121,13463177410,63252782905,286987254128,
64,192,2622,13753,101003,586326,3521426,19607330,106752557,555236182,2800589121,13596213527,63865142422,289500615495,
64,192,2619,13735,100729,584815,3509366,19548978,106324343,553379162,2789441514,13548124391,63634129108,288553039348,
64,192,2623,13760,101121,586969,3526533,19625811,106918658,555723442,2804202767,13610007560,63942426518,289848035059,
64,192,2623,13760,101121,586969,3526533,19625811,106918658,555723442,2804202767,13610007560,63942426518,289848035059,
64,192,2619,13737,100768,584997,3510763,19546303,106355969,553160851,2789320912,13544512398,63633361567,288584236007,
64,192,2613,13702,100314,582226,3491379,19425754,105688798,549389500,2770763957,13453821280,63231620700,286869614318,
64,192,2609,13680,99935,580141,3473714,19339865,105070739,546622586,2754726251,13383193310,62896716426,285486410327,
64,192,2619,13737,100768,584997,3510763,19546303,106355969,553160851,2789320912,13544512398,63633361567,288584236007,
64,192,2609,13680,99965,580283,3475594,19345723,105126152,546835961,2755999443,13388814120,62923983353,285602273701,
64,192,2609,13681,99939,580170,3473699,19339342,105070782,546631638,2754843592,13383681312,62898144030,285482868762,
64,192,2607,13671,99744,579093,3463979,19300275,104715763,545336123,2746104826,13348239760,62722070157,284767542653,
64,192,2607,13671,99744,579093,3463979,19300275,104715763,545336123,2746104826,13348239760,62722070157,284767542653,
64,192,2607,13671,99744,579093,3463979,19300275,104715763,545336123,2746104826,13348239760,62722070157,284767542653,
64,192,2607,13671,99744,579093,3463979,19300275,104715763,545336123,2746104826,13348239760,62722070157,284767542653,
64,192,2607,13671,99744,579093,3463979,19300275,104715763,545336123,2746104826,13348239760,62722070157,284767542653,
64,192,2619,13737,100768,584997,3510763,19546303,106355969,553160851,2789320912,13544512398,63633361567,288584236007,
64,192,2600,13627,99162,575828,3440138,19161106,103920387,541071507,2724478320,13244782390,62251697340,282751158677,
64,192,2610,13686,99982,580528,3475296,19364857,105110055,547415931,2756762092,13399018635,62949460479,285727818593,
64,192,2600,13627,99162,575828,3440138,19161106,103920387,541071507,2724478320,13244782390,62251697340,282751158677,
64,192,2610,13686,99982,580528,3475296,19364857,105110055,547415931,2756762092,13399018635,62949460479,285727818593,
64,192,2619,13737,100768,584997,3510763,19546303,106355969,553160851,2789320912,13544512398,63633361567,288584236007,
64,192,2602,13638,99332,576773,3447865,19201404,104186391,542360598,2731493422,13276959647,62400279863,283375879091,
64,192,2616,13719,100494,583480,3498688,19487871,105930158,551328295,2778370135,13497154954,63405106184,287636165270,
64,192,2620,13742,100847,585455,3514449,19567296,106489957,553868810,2793084224,13562041709,63711466028,288899204231,
64,192,2615,13712,100441,583100,3497201,19466331,105899529,550669375,2776803130,13484067672,63362127030,287423623694,
64,192,2607,13669,99765,579194,3465860,19298977,104801155,545314953,2747615817,13350639585,62745945056,284853912291,
64,192,2616,13719,100480,583411,3497811,19486586,105913210,551291722,2778143309,13496087581,63398335588,287598136684,
64,192,2608,13674,99867,579778,3471156,19325466,104979960,546187957,2752280947,13372255746,62845128206,285269752055,
64,192,2612,13696,100216,581720,3486902,19405360,105541797,548750218,2767048522,13437503926,63152560202,286536954910,
64,192,2607,13670,99769,579225,3465928,19298540,104798595,545298352,2747546039,13350333883,62744950669,284850604707,
64,192,2620,13742,100833,585384,3513625,19566043,106472487,553837382,2792841106,13561030059,63704773197,288862031955,
64,192,2620,13742,100847,585455,3514449,19567296,106489957,553868810,2793084224,13562041709,63711466028,288899204231,
64,192,2614,13707,100360,582628,3493313,19444916,105768025,550005128,2773337668,13467897501,63287204528,287105929942,
64,192,2620,13742,100833,585384,3513625,19566043,106472487,553837382,2792841106,13561030059,63704773197,288862031955,
64,192,2615,13712,100441,583100,3497201,19466331,105899529,550669375,2776803130,13484067672,63362127030,287423623694,
64,192,2620,13742,100847,585455,3514449,19567296,106489957,553868810,2793084224,13562041709,63711466028,288899204231,
64,192,2609,13680,99965,580283,3475594,19345723,105126152,546835961,2755999443,13388814120,62923983353,285602273701,
64,192,2614,13706,100285,582359,3489577,19450328,105630436,550236938,2771314982,13467970406,63255226333,286979540828,
64,192,2617,13724,100559,583870,3501619,19508464,106055866,552073378,2782326021,13515504942,63483973165,287924378719,
64,192,2603,13641,99406,577248,3452265,19231188,104370288,543457927,2737075765,13303508449,62512549945,283798741821,
64,192,2617,13724,100559,583870,3501619,19508464,106055866,552073378,2782326021,13515504942,63483973165,287924378719,
64,192,2614,13706,100285,582359,3489577,19450328,105630436,550236938,2771314982,13467970406,63255226333,286979540828,
64,192,2603,13641,99406,577248,3452265,19231188,104370288,543457927,2737075765,13303508449,62512549945,283798741821,
64,192,2617,13724,100559,583870,3501619,19508464,106055866,552073378,2782326021,13515504942,63483973165,287924378719,
64,192,2614,13706,100285,582359,3489577,19450328,105630436,550236938,2771314982,13467970406,63255226333,286979540828,
64,192,2614,13706,100285,582359,3489577,19450328,105630436,550236938,2771314982,13467970406,63255226333,286979540828,
64,192,2617,13724,100559,583870,3501619,19508464,106055866,552073378,2782326021,13515504942,63483973165,287924378719,
64,192,2610,13682,99954,580500,3475614,19368916,105157740,547716552,2758477486,13406668680,62977974666,285793237274,
64,192,2617,13724,100559,583870,3501619,19508464,106055866,552073378,2782326021,13515504942,63483973165,287924378719,
64,192,2614,13706,100285,582359,3489577,19450328,105630436,550236938,2771314982,13467970406,63255226333,286979540828,
64,192,2623,13757,101071,586822,3525011,19631478,106875969,555985742,2803934064,13613641261,63939618870,289832725396,
64,192,2614,13706,100285,582359,3489577,19450328,105630436,550236938,2771314982,13467970406,63255226333,286979540828,
64,192,2623,13757,101071,586822,3525011,19631478,106875969,555985742,2803934064,13613641261,63939618870,289832725396,
64,192,2610,13682,99954,580500,3475614,19368916,105157740,547716552,2758477486,13406668680,62977974666,285793237274,
64,192,2617,13724,100559,583870,3501619,19508464,106055866,552073378,2782326021,13515504942,63483973165,287924378719,
64,192,2620,13742,100833,585381,3513601,19565916,106472180,553841786,2792872288,13561206096,63704867829,288861360618,
64,192,2614,13707,100360,582628,3493313,19444916,105768025,550005128,2773337668,13467897501,63287204528,287105929942,
64,192,2616,13718,100506,583550,3499911,19485564,106000721,551276700,2779762289,13498548372,63425311683,287686850656,
64,192,2616,13718,100530,583574,3501117,19485873,106040859,551331336,2780631968,13501019324,63440657180,287737908531,
64,192,2621,13748,100918,585925,3517515,19587606,106598219,554480579,2796075638,13576664164,63776709944,289180470935,
64,192,2615,13712,100441,583100,3497201,19466331,105899529,550669375,2776803130,13484067672,63362127030,287423623694,
64,192,2616,13718,100510,583554,3500050,19485298,105999061,551255154,2779610626,13498164220,63423028912,287688558302,
64,192,2616,13718,100532,583579,3501176,19485668,106039456,551315469,2780547630,13500664936,63439440700,287737088672,
64,192,2608,13672,99796,579570,3468004,19325480,104883060,546247630,2750793576,13370522048,62817153040,285145432602,
64,192,2600,13627,99172,575891,3440932,19166409,103961630,541293477,2725729159,13250343223,62274988868,282833347471,
64,192,2604,13647,99471,577692,3454765,19247762,104443620,543866779,2738830908,13312816935,62555816980,284022311639,
64,192,2602,13638,99342,576836,3448665,19206695,104227844,542581680,2732751635,13282500542,62423689477,283457983399,
64,192,2620,13739,100797,585311,3512897,19572478,106439385,554065596,2792365059,13563839371,63701482516,288877575083,
64,192,2607,13671,99744,579093,3463979,19300275,104715763,545336123,2746104826,13348239760,62722070157,284767542653,
64,192,2619,13737,100768,584997,3510763,19546303,106355969,553160851,2789320912,13544512398,63633361567,288584236007,
64,192,2607,13671,99744,579093,3463979,19300275,104715763,545336123,2746104826,13348239760,62722070157,284767542653,
64,192,2607,13671,99744,579093,3463979,19300275,104715763,545336123,2746104826,13348239760,62722070157,284767542653,
64,192,2610,13686,99982,580528,3475296,19364857,105110055,547415931,2756762092,13399018635,62949460479,285727818593,
64,192,2616,13719,100494,583480,3498688,19487871,105930158,551328295,2778370135,13497154954,63405106184,287636165270,
64,192,2607,13671,99744,579093,3463979,19300275,104715763,545336123,2746104826,13348239760,62722070157,284767542653,
64,192,2607,13671,99744,579093,3463979,19300275,104715763,545336123,2746104826,13348239760,62722070157,284767542653,
64,192,2604,13647,99471,577692,3454765,19247762,104443620,543866779,2738830908,13312816935,62555816980,284022311639,
64,192,2604,13648,99483,577707,3455000,19245884,104451134,543802036,2738927646,13311938848,62556244385,284016885447,
64,192,2616,13719,100480,583405,3497778,19486326,105913009,551297622,2778205371,13496318205,63398861561,287595545322,
64,192,2616,13716,100444,583335,3497086,19493032,105882072,551535090,2777789536,13499331920,63396979078,287613574733,
64,192,2610,13686,99968,580459,3474419,19363608,105093287,547381374,2756537066,13398004794,62942724407,285690431491,
64,192,2616,13719,100480,583411,3497811,19486586,105913210,551291722,2778143309,13496087581,63398335588,287598136684,
64,192,2613,13702,100314,582226,3491379,19425754,105688798,549389500,2770763957,13453821280,63231620700,286869614318,
64,192,2607,13671,99744,579093,3463979,19300275,104715763,545336123,2746104826,13348239760,62722070157,284767542653,
64,192,2619,13737,100768,584997,3510763,19546303,106355969,553160851,2789320912,13544512398,63633361567,288584236007,
64,192,2610,13686,99982,580528,3475296,19364857,105110055,547415931,2756762092,13399018635,62949460479,285727818593,
64,192,2616,13719,100494,583480,3498688,19487871,105930158,551328295,2778370135,13497154954,63405106184,287636165270,
64,192,2600,13627,99172,575891,3440932,19166409,103961630,541293477,2725729159,13250343223,62274988868,282833347471,
64,192,2602,13638,99342,576836,3448665,19206695,104227844,542581680,2732751635,13282500542,62423689477,283457983399,
64,192,2610,13686,99968,580459,3474419,19363608,105093287,547381374,2756537066,13398004794,62942724407,285690431491,
64,192,2616,13719,100480,583411,3497811,19486586,105913210,551291722,2778143309,13496087581,63398335588,287598136684,
64,192,2608,13672,99796,579570,3468004,19325480,104883060,546247630,2750793576,13370522048,62817153040,285145432602,
64,192,2612,13695,100149,581546,3483795,19404698,105437840,548760543,2765267484,13434574287,63120036474,286405301553,
64,192,2616,13719,100480,583405,3497778,19486326,105913009,551297622,2778205371,13496318205,63398861561,287595545322,
64,192,2607,13670,99769,579225,3465928,19298540,104798595,545298352,2747546039,13350333883,62744950669,284850604707,
64,192,2612,13700,100168,581532,3482743,19399390,105378987,548459883,2763645157,13427077454,63090398820,286304730220,
64,192,2620,13742,100833,585384,3513625,19566043,106472487,553837382,2792841106,13561030059,63704773197,288862031955,
64,192,2607,13670,99769,579225,3465928,19298540,104798595,545298352,2747546039,13350333883,62744950669,284850604707,
64,192,2620,13742,100847,585455,3514449,19567296,106489957,553868810,2793084224,13562041709,63711466028,288899204231,
64,192,2615,13712,100441,583100,3497201,19466331,105899529,550669375,2776803130,13484067672,63362127030,287423623694,
64,192,2608,13674,99845,579659,3469746,19320309,104932216,545992861,2751109228,13367146732,62821091222,285172595630,
64,192,2620,13742,100847,585455,3514449,19567296,106489957,553868810,2793084224,13562041709,63711466028,288899204231,
64,192,2616,13719,100494,583480,3498688,19487871,105930158,551328295,2778370135,13497154954,63405106184,287636165270,
64,192,2612,13696,100222,581738,3487319,19406248,105551031,548782720,2767234525,13438354696,63156952685,286556904946,
64,192,2614,13707,100360,582628,3493313,19444916,105768025,550005128,2773337668,13467897501,63287204528,287105929942,
64,192,2607,13669,99793,579329,3467740,19305054,104857611,545547696,2748957247,13356655092,62774452288,284971875062,
64,192,2621,13744,100924,585876,3519257,19588468,106677684,554626908,2797933909,13581924212,63807550508,289268442288,
64,192,2615,13712,100441,583100,3497201,19466331,105899529,550669375,2776803130,13484067672,63362127030,287423623694,
64,192,2615,13712,100441,583100,3497201,19466331,105899529,550669375,2776803130,13484067672,63362127030,287423623694,
64,192,2621,13748,100918,585925,3517515,19587606,106598219,554480579,2796075638,13576664164,63776709944,289180470935,
64,192,2621,13748,100918,585925,3517515,19587606,106598219,554480579,2796075638,13576664164,63776709944,289180470935,
64,192,2615,13715,100406,582973,3494099,19464304,105774406,550540713,2774285535,13477799865,63318026821,287268520832,
64,192,2623,13760,101121,586969,3526533,19625811,106918658,555723442,2804202767,13610007560,63942426518,289848035059,
64,192,2623,13760,101121,586969,3526533,19625811,106918658,555723442,2804202767,13610007560,63942426518,289848035059,
64,192,2621,13748,100918,585925,3517515,19587606,106598219,554480579,2796075638,13576664164,63776709944,289180470935,
64,192,2624,13766,101192,587436,3529575,19646246,107029301,556368364,2807394769,13625668410,64009893655,290134051996,
64,192,2620,13742,100847,585455,3514449,19567296,106489957,553868810,2793084224,13562041709,63711466028,288899204231,
64,192,2623,13760,101121,586969,3526533,19625811,106918658,555723442,2804202767,13610007560,63942426518,289848035059,
64,192,2623,13760,101121,586969,3526533,19625811,106918658,555723442,2804202767,13610007560,63942426518,289848035059,
64,192,2616,13718,100532,583579,3501176,19485668,106039456,551315469,2780547630,13500664936,63439440700,287737088672,
64,192,2622,13753,101003,586326,3521426,19607330,106752557,555236182,2800589121,13596213527,63865142422,289500615495,
64,192,2616,13718,100530,583574,3501117,19485873,106040859,551331336,2780631968,13501019324,63440657180,287737908531,
64,192,2619,13735,100729,584815,3509366,19548978,106324343,553379162,2789441514,13548124391,63634129108,288553039348,
64,192,2614,13706,100285,582359,3489577,19450328,105630436,550236938,2771314982,13467970406,63255226333,286979540828,
64,192,2603,13641,99406,577248,3452265,19231188,104370288,543457927,2737075765,13303508449,62512549945,283798741821,
64,192,2608,13674,99865,579769,3471079,19325599,104983876,546232774,2752544482,13373441291,62848926708,285271695387,
64,192,2620,13742,100847,585455,3514449,19567296,106489957,553868810,2793084224,13562041709,63711466028,288899204231,
64,192,2612,13696,100222,581738,3487319,19406248,105551031,548782720,2767234525,13438354696,63156952685,286556904946,
64,192,2619,13735,100729,584815,3509366,19548978,106324343,553379162,2789441514,13548124391,63634129108,288553039348,
64,192,2615,13712,100441,583100,3497201,19466331,105899529,550669375,2776803130,13484067672,63362127030,287423623694,
64,192,2614,13707,100360,582628,3493313,19444916,105768025,550005128,2773337668,13467897501,63287204528,287105929942,
64,192,2600,13627,99162,575828,3440138,19161106,103920387,541071507,2724478320,13244782390,62251697340,282751158677,
64,192,2608,13672,99796,579570,3468004,19325480,104883060,546247630,2750793576,13370522048,62817153040,285145432602,
64,192,2602,13638,99332,576773,3447865,19201404,104186391,542360598,2731493422,13276959647,62400279863,283375879091,
64,192,2604,13647,99471,577692,3454765,19247762,104443620,543866779,2738830908,13312816935,62555816980,284022311639,
64,192,2621,13748,100918,585925,3517515,19587858,106600907,554509328,2796245044,13577526522,63778838533,289185892505,
64,192,2616,13719,100494,583480,3498688,19487871,105930158,551328295,2778370135,13497154954,63405106184,287636165270,
64,192,2620,13739,100797,585311,3512897,19572478,106439385,554065596,2792365059,13563839371,63701482516,288877575083,
64,192,2616,13716,100444,583335,3497086,19493032,105882072,551535090,2777789536,13499331920,63396979078,287613574733,
64,192,2604,13647,99471,577692,3454765,19247762,104443620,543866779,2738830908,13312816935,62555816980,284022311639,
64,192,2604,13647,99471,577692,3454765,19247762,104443620,543866779,2738830908,13312816935,62555816980,284022311639,
64,192,2604,13648,99483,577707,3455000,19245884,104451134,543802036,2738927646,13311938848,62556244385,284016885447,
64,192,2615,13715,100406,582973,3494099,19464304,105774406,550540713,2774285535,13477799865,63318026821,287268520832,
64,192,2608,13674,99845,579659,3469746,19320309,104932216,545992861,2751109228,13367146732,62821091222,285172595630,
64,192,2615,13715,100406,582973,3494099,19464304,105774406,550540713,2774285535,13477799865,63318026821,287268520832,
64,192,2608,13674,99867,579778,3471156,19325466,104979960,546187957,2752280947,13372255746,62845128206,285269752055,
64,192,2615,13715,100406,582973,3494099,19464304,105774406,550540713,2774285535,13477799865,63318026821,287268520832,
64,192,2614,13709,100335,582503,3491033,19443994,105666144,549928944,2771294121,13463177410,63252782905,286987254128,
64,192,2607,13669,99793,579329,3467740,19305054,104857611,545547696,2748957247,13356655092,62774452288,284971875062,
64,192,2614,13709,100335,582503,3491033,19443994,105666144,549928944,2771294121,13463177410,63252782905,286987254128,
64,192,2620,13742,100833,585384,3513625,19566043,106472487,553837382,2792841106,13561030059,63704773197,288862031955,
64,192,2616,13719,100480,583411,3497811,19486586,105913210,551291722,2778143309,13496087581,63398335588,287598136684,
64,192,2602,13638,99342,576836,3448665,19206695,104227844,542581680,2732751635,13282500542,62423689477,283457983399,
64,192,2620,13742,100847,585455,3514449,19567296,106489957,553868810,2793084224,13562041709,63711466028,288899204231,
64,192,2616,13719,100494,583480,3498688,19487871,105930158,551328295,2778370135,13497154954,63405106184,287636165270,
64,192,2602,13638,99332,576773,3447865,19201404,104186391,542360598,2731493422,13276959647,62400279863,283375879091,
64,192,2616,13718,100530,583574,3501117,19485873,106040859,551331336,2780631968,13501019324,63440657180,287737908531,
64,192,2620,13742,100833,585384,3513625,19566043,106472487,553837382,2792841106,13561030059,63704773197,288862031955,
64,192,2620,13742,100847,585455,3514449,19567296,106489957,553868810,2793084224,13562041709,63711466028,288899204231,
64,192,2616,13718,100532,583579,3501176,19485668,106039456,551315469,2780547630,13500664936,63439440700,287737088672,
64,192,2612,13695,100149,581546,3483795,19404698,105437840,548760543,2765267484,13434574287,63120036474,286405301553,
64,192,2620,13742,100847,585455,3514449,19567296,106489957,553868810,2793084224,13562041709,63711466028,288899204231,
64,192,2620,13742,100833,585384,3513625,19566043,106472487,553837382,2792841106,13561030059,63704773197,288862031955,
64,192,2619,13735,100729,584815,3509366,19548978,106324343,553379162,2789441514,13548124391,63634129108,288553039348,
64,192,2612,13695,100149,581546,3483795,19404698,105437840,548760543,2765267484,13434574287,63120036474,286405301553,
64,192,2608,13672,99796,579570,3468004,19325480,104883060,546247630,2750793576,13370522048,62817153040,285145432602,
64,192,2612,13695,100149,581546,3483795,19404698,105437840,548760543,2765267484,13434574287,63120036474,286405301553,
64,192,2608,13672,99796,579570,3468004,19325480,104883060,546247630,2750793576,13370522048,62817153040,285145432602,
64,192,2608,13672,99796,579570,3468004,19325480,104883060,546247630,2750793576,13370522048,62817153040,285145432602,
64,192,2616,13719,100480,583405,3497778,19486326,105913009,551297622,2778205371,13496318205,63398861561,287595545322,
64,192,2616,13718,100510,583554,3500050,19485298,105999061,551255154,2779610626,13498164220,63423028912,287688558302,
64,192,2616,13718,100532,583579,3501176,19485668,106039456,551315469,2780547630,13500664936,63439440700,287737088672,
64,192,2624,13766,101192,587436,3529575,19646246,107029301,556368364,2807394769,13625668410,64009893655,290134051996,
64,192,2620,13742,100847,585455,3514449,19567296,106489957,553868810,2793084224,13562041709,63711466028,288899204231,
64,192,2616,13718,100532,583579,3501176,19485668,106039456,551315469,2780547630,13500664936,63439440700,287737088672,
64,192,2620,13742,100847,585455,3514449,19567296,106489957,553868810,2793084224,13562041709,63711466028,288899204231,
64,192,2628,13786,101515,589278,3544842,19730632,107576370,559176048,2822379224,13695077826,64323825545,291412565598,
64,192,2623,13757,101071,586822,3525011,19631478,106875969,555985742,2803934064,13613641261,63939618870,289832725396,
64,192,2620,13742,100833,585381,3513601,19565916,106472180,553841786,2792872288,13561206096,63704867829,288861360618,
64,192,2614,13707,100360,582628,3493313,19444916,105768025,550005128,2773337668,13467897501,63287204528,287105929942,
64,192,2614,13707,100360,582628,3493313,19444916,105768025,550005128,2773337668,13467897501,63287204528,287105929942,
64,192,2620,13740,100846,585440,3515413,19566904,106541920,553938856,2794241060,13565227132,63729489390,288950371552,
64,192,2607,13671,99744,579093,3463979,19300275,104715763,545336123,2746104826,13348239760,62722070157,284767542653,
64,192,2611,13694,100097,581065,3479701,19379207,105271032,547843710,2760622561,13412278962,63025060272,286024134853,
64,192,2611,13694,100097,581065,3479701,19379207,105271032,547843710,2760622561,13412278962,63025060272,286024134853,
64,192,2614,13706,100285,582359,3489577,19450328,105630436,550236938,2771314982,13467970406,63255226333,286979540828,
64,192,2614,13706,100285,582359,3489577,19450328,105630436,550236938,2771314982,13467970406,63255226333,286979540828,
64,192,2614,13706,100285,582359,3489577,19450328,105630436,550236938,2771314982,13467970406,63255226333,286979540828,
64,192,2600,13627,99172,575891,3440932,19166409,103961630,541293477,2725729159,13250343223,62274988868,282833347471,
64,192,2610,13686,99968,580459,3474419,19363608,105093287,547381374,2756537066,13398004794,62942724407,285690431491,
64,192,2600,13627,99172,575891,3440932,19166409,103961630,541293477,2725729159,13250343223,62274988868,282833347471,
64,192,2610,13686,99968,580459,3474419,19363608,105093287,547381374,2756537066,13398004794,62942724407,285690431491,
64,192,2614,13706,100285,582359,3489577,19450328,105630436,550236938,2771314982,13467970406,63255226333,286979540828,
64,192,2614,13709,100321,582432,3490209,19442777,105648854,549899532,2771053121,13462218512,63246131882,286950665196,
64,192,2607,13669,99765,579194,3465860,19298977,104801155,545314953,2747615817,13350639585,62745945056,284853912291,
64,192,2614,13709,100321,582432,3490209,19442777,105648854,549899532,2771053121,13462218512,63246131882,286950665196,
64,192,2608,13674,99845,579657,3469663,19320223,104934819,546018514,2751296347,13367940436,62823513213,285172361649,
64,192,2619,13735,100729,584815,3509366,19548978,106324343,553379162,2789441514,13548124391,63634129108,288553039348,
64,192,2615,13711,100398,582956,3495383,19467350,105849174,550842083,2776503627,13486380473,63355304021,287362795579,
64,192,2612,13695,100149,581546,3483795,19404698,105437840,548760543,2765267484,13434574287,63120036474,286405301553,
64,192,2604,13647,99497,577728,3456249,19250392,104507152,544069657,2740635372,13319148065,62587113952,284108346689,
64,192,2604,13648,99483,577707,3455000,19245884,104451134,543802036,2738927646,13311938848,62556244385,284016885447,
64,192,2604,13647,99497,577728,3456249,19250392,104507152,544069657,2740635372,13319148065,62587113952,284108346689,
64,192,2614,13706,100285,582359,3489577,19450328,105630436,550236938,2771314982,13467970406,63255226333,286979540828,
64,192,2604,13647,99497,577728,3456249,19250392,104507152,544069657,2740635372,13319148065,62587113952,284108346689,
64,192,2612,13700,100168,581532,3482743,19399390,105378987,548459883,2763645157,13427077454,63090398820,286304730220,
64,192,2607,13670,99769,579225,3465928,19298540,104798595,545298352,2747546039,13350333883,62744950669,284850604707,
64,192,2611,13694,100097,581065,3479701,19379207,105271032,547843710,2760622561,13412278962,63025060272,286024134853,
64,192,2611,13694,100097,581065,3479701,19379207,105271032,547843710,2760622561,13412278962,63025060272,286024134853,
64,192,2614,13707,100360,582628,3493313,19444916,105768025,550005128,2773337668,13467897501,63287204528,287105929942,
64,192,2617,13724,100559,583870,3501619,19508464,106055866,552073378,2782326021,13515504942,63483973165,287924378719,
64,192,2615,13711,100398,582956,3495383,19467350,105849174,550842083,2776503627,13486380473,63355304021,287362795579,
64,192,2617,13724,100559,583870,3501619,19508464,106055866,552073378,2782326021,13515504942,63483973165,287924378719,
64,192,2617,13724,100559,583870,3501619,19508464,106055866,552073378,2782326021,13515504942,63483973165,287924378719,
64,192,2615,13711,100398,582956,3495383,19467350,105849174,550842083,2776503627,13486380473,63355304021,287362795579,
64,192,2617,13724,100559,583870,3501619,19508464,106055866,552073378,2782326021,13515504942,63483973165,287924378719,
64,192,2603,13641,99406,577248,3452265,19231188,104370288,543457927,2737075765,13303508449,62512549945,283798741821,
64,192,2617,13724,100559,583870,3501619,19508464,106055866,552073378,2782326021,13515504942,63483973165,287924378719,
64,192,2604,13647,99471,577692,3454765,19247762,104443620,543866779,2738830908,13312816935,62555816980,284022311639,
64,192,2604,13648,99483,577707,3455000,19245884,104451134,543802036,2738927646,13311938848,62556244385,284016885447,
64,192,2604,13648,99483,577707,3455000,19245884,104451134,543802036,2738927646,13311938848,62556244385,284016885447,
64,192,2616,13719,100480,583405,3497778,19486326,105913009,551297622,2778205371,13496318205,63398861561,287595545322,
64,192,2609,13681,99939,580170,3473699,19339342,105070782,546631638,2754843592,13383681312,62898144030,285482868762,
64,192,2622,13753,101003,586326,3521426,19607330,106752557,555236182,2800589121,13596213527,63865142422,289500615495,
64,192,2622,13753,101003,586326,3521426,19607330,106752557,555236182,2800589121,13596213527,63865142422,289500615495,
64,192,2623,13760,101121,586969,3526533,19625811,106918658,555723442,2804202767,13610007560,63942426518,289848035059,
64,192,2610,13682,99954,580500,3475614,19368916,105157740,547716552,2758477486,13406668680,62977974666,285793237274,
64,192,2610,13682,99954,580500,3475614,19368916,105157740,547716552,2758477486,13406668680,62977974666,285793237274,
64,192,2617,13724,100559,583870,3501619,19508464,106055866,552073378,2782326021,13515504942,63483973165,287924378719,
64,192,2615,13711,100398,582956,3495383,19467350,105849174,550842083,2776503627,13486380473,63355304021,287362795579,
64,192,2604,13647,99497,577728,3456249,19250392,104507152,544069657,2740635372,13319148065,62587113952,284108346689,
64,192,2620,13742,100833,585381,3513601,19565916,106472180,553841786,2792872288,13561206096,63704867829,288861360618,
64,192,2622,13753,101003,586326,3521426,19607330,106752557,555236182,2800589121,13596213527,63865142422,289500615495,
64,192,2622,13753,101003,586326,3521426,19607330,106752557,555236182,2800589121,13596213527,63865142422,289500615495,
64,192,2622,13753,101003,586326,3521426,19607330,106752557,555236182,2800589121,13596213527,63865142422,289500615495,
64,192,2617,13724,100559,583870,3501619,19508464,106055866,552073378,2782326021,13515504942,63483973165,287924378719,
64,192,2622,13753,101003,586326,3521426,19607330,106752557,555236182,2800589121,13596213527,63865142422,289500615495,
64,192,2622,13753,101003,586326,3521426,19607330,106752557,555236182,2800589121,13596213527,63865142422,289500615495,
64,192,2608,13674,99865,579769,3471079,19325599,104983876,546232774,2752544482,13373441291,62848926708,285271695387,
64,192,2616,13718,100530,583574,3501117,19485873,106040859,551331336,2780631968,13501019324,63440657180,287737908531,
64,192,2609,13681,99939,580170,3473699,19339342,105070782,546631638,2754843592,13383681312,62898144030,285482868762,
64,192,2623,13760,101121,586969,3526533,19625811,106918658,555723442,2804202767,13610007560,63942426518,289848035059,
64,192,2612,13696,100215,581712,3486850,19405346,105544604,548782454,2767260337,13438409000,63155465148,286537425050,
64,192,2608,13674,99845,579657,3469663,19320223,104934819,546018514,2751296347,13367940436,62823513213,285172361649,
64,192,2616,13718,100532,583579,3501176,19485668,106039456,551315469,2780547630,13500664936,63439440700,287737088672,
64,192,2609,13681,99939,580170,3473699,19339342,105070782,546631638,2754843592,13383681312,62898144030,285482868762,
64,192,2622,13753,101003,586326,3521426,19607330,106752557,555236182,2800589121,13596213527,63865142422,289500615495,
64,192,2617,13724,100559,583870,3501619,19508464,106055866,552073378,2782326021,13515504942,63483973165,287924378719,
64,192,2612,13696,100215,581712,3486850,19405346,105544604,548782454,2767260337,13438409000,63155465148,286537425050,
64,192,2623,13760,101121,586969,3526533,19625811,106918658,555723442,2804202767,13610007560,63942426518,289848035059,
64,192,2622,13753,101003,586326,3521426,19607330,106752557,555236182,2800589121,13596213527,63865142422,289500615495,
64,192,2616,13718,100530,583574,3501117,19485873,106040859,551331336,2780631968,13501019324,63440657180,287737908531,
64,192,2623,13760,101121,586969,3526533,19625811,106918658,555723442,2804202767,13610007560,63942426518,289848035059,
64,192,2622,13753,101003,586326,3521426,19607330,106752557,555236182,2800589121,13596213527,63865142422,289500615495,
64,192,2622,13753,101003,586326,3521426,19607330,106752557,555236182,2800589121,13596213527,63865142422,289500615495,
64,192,2616,13718,100532,583579,3501176,19485668,106039456,551315469,2780547630,13500664936,63439440700,287737088672,
64,192,2602,13638,99332,576773,3447865,19201404,104186391,542360598,2731493422,13276959647,62400279863,283375879091,
64,192,2612,13695,100149,581546,3483795,19404698,105437840,548760543,2765267484,13434574287,63120036474,286405301553,
64,192,2600,13627,99162,575828,3440138,19161106,103920387,541071507,2724478320,13244782390,62251697340,282751158677,
64,192,2604,13648,99483,577707,3455000,19245884,104451134,543802036,2738927646,13311938848,62556244385,284016885447,
64,192,2609,13680,99935,580141,3473714,19339865,105070739,546622586,2754726251,13383193310,62896716426,285486410327,
64,192,2620,13742,100833,585384,3513625,19566043,106472487,553837382,2792841106,13561030059,63704773197,288862031955,
64,192,2616,13719,100480,583411,3497811,19486586,105913210,551291722,2778143309,13496087581,63398335588,287598136684,
64,192,2602,13638,99342,576836,3448665,19206695,104227844,542581680,2732751635,13282500542,62423689477,283457983399,
64,192,2621,13748,100890,585729,3515642,19590344,106533969,554622596,2795328167,13577515658,63763956240,289120015861,
64,192,2616,13719,100480,583411,3497811,19486586,105913210,551291722,2778143309,13496087581,63398335588,287598136684,
64,192,2621,13748,100918,585925,3517515,19587606,106598219,554480579,2796075638,13576664164,63776709944,289180470935,
64,192,2620,13742,100833,585381,3513601,19565916,106472180,553841786,2792872288,13561206096,63704867829,288861360618,
64,192,2619,13735,100729,584815,3509366,19548978,106324343,553379162,2789441514,13548124391,63634129108,288553039348,
64,192,2620,13742,100833,585384,3513625,19566043,106472487,553837382,2792841106,13561030059,63704773197,288862031955,
64,192,2612,13696,100216,581720,3486902,19405360,105541797,548750218,2767048522,13437503926,63152560202,286536954910,
64,192,2620,13742,100833,585384,3513625,19566043,106472487,553837382,2792841106,13561030059,63704773197,288862031955,
64,192,2624,13766,101164,587240,3527702,19648696,106962183,556479616,2806475774,13625604794,63994969554,290067592008,
64,192,2620,13742,100833,585384,3513625,19566043,106472487,553837382,2792841106,13561030059,63704773197,288862031955,
64,192,2616,13718,100506,583550,3499911,19485564,106000721,551276700,2779762289,13498548372,63425311683,287686850656,
64,192,2616,13718,100530,583574,3501117,19485873,106040859,551331336,2780631968,13501019324,63440657180,287737908531,
64,192,2624,13766,101164,587240,3527702,19648696,106962183,556479616,2806475774,13625604794,63994969554,290067592008,
64,192,2620,13742,100833,585384,3513625,19566043,106472487,553837382,2792841106,13561030059,63704773197,288862031955,
64,192,2616,13718,100530,583574,3501117,19485873,106040859,551331336,2780631968,13501019324,63440657180,287737908531,
64,192,2620,13742,100833,585384,3513625,19566043,106472487,553837382,2792841106,13561030059,63704773197,288862031955,
64,192,2628,13786,101515,589278,3544842,19730632,107576370,559176048,2822379224,13695077826,64323825545,291412565598,
64,192,2623,13757,101071,586822,3525011,19631478,106875969,555985742,2803934064,13613641261,63939618870,289832725396,
64,192,2628,13786,101515,589278,3544842,19730632,107576370,559176048,2822379224,13695077826,64323825545,291412565598,
64,192,2628,13786,101515,589278,3544842,19730632,107576370,559176048,2822379224,13695077826,64323825545,291412565598,
