6,7,8,9,10,11,12,13,14,15,16,17,18,
728,1084,8721,29880,97185,359333,1410908,5351871,19019620,70140938,267290041,1024298732,4019926635,
728,1084,8737,29941,97450,359676,1413099,5363620,19083452,70429993,268580400,1030617627,4050945055,
728,1084,8724,29864,97078,359354,1410419,5345257,18991864,70059501,267027696,1023340516,4017320642,
728,1084,8740,29943,97440,359910,1413983,5365860,19089298,70472409,268883980,1032197694,4058050455,
728,1084,8721,29863,97085,359196,1409958,5343013,18981558,70011877,266777223,1022184061,4012318185,
728,1084,8721,29881,97182,359409,1411333,5351876,19015034,70135419,267342004,1024715539,4021965632,
728,1086,8711,29837,96977,359146,1410572,5348507,18985798,69916124,265876539,1017970122,4000169828,
728,1086,8718,29900,97256,359686,1413248,5362109,19047862,70185103,267220663,1024976130,4034826789,
728,1085,8728,29962,97508,360465,1410921,5341059,18966598,70050612,267214229,1025297237,4035732370,
728,1086,8716,29906,97263,359677,1413455,5362895,19043248,70190430,267342566,1025721713,4038176142,
728,1085,8728,29959,97510,360455,1410940,5340271,18962735,70026012,267082148,1024646476,4032962201,
728,1086,8709,29840,96986,359127,1410800,5348555,18977335,69896990,265868013,1018078755,4000802451,
728,1086,8714,29839,96966,359333,1411142,5348128,18982197,69907694,265883402,1018132617,4000824758,
728,1086,8721,29908,97283,359940,1414680,5367110,19065548,70256802,267595441,1026931209,4042291757,
728,1085,8728,29959,97519,360616,1411689,5345325,18987414,70118821,267474254,1026488285,4039478195,
728,1086,8716,29912,97300,359700,1414012,5365838,19055833,70220688,267422126,1026159827,4038827416,
728,1085,8728,29956,97521,360606,1411778,5344708,18983023,70096645,267398651,1026293730,4039106465,
728,1086,8709,29840,96985,359086,1410563,5346200,18968273,69849761,265631035,1017153098,3996965554,
728,1086,8716,29872,97124,359577,1411650,5355107,19013404,70052408,266625529,1021935185,4021599974,
728,1086,8716,29881,97169,359636,1412574,5360752,19035029,70134001,267003033,1023770088,4028684247,
728,1085,8742,29997,97691,360811,1412300,5352676,19028492,70311639,268292913,1030099885,4058838632,
728,1086,8714,29883,97181,359541,1412391,5360901,19031343,70120092,266944802,1023486567,4027372654,
728,1085,8742,29997,97691,360811,1412367,5352848,19027996,70314473,268351500,1030559502,4061291714,
728,1086,8714,29874,97136,359482,1411530,5355291,19009013,70040856,266619436,1022075972,4022590376,
728,1084,8567,29559,96616,355456,1389927,5255204,18623887,68359988,259820846,994149263,3900450228,
728,1084,8580,29622,96847,355838,1392106,5266989,18688118,68637217,261067609,1000439633,3931719370,
728,1084,8569,29543,96514,355447,1389687,5249083,18599417,68289687,259574396,993229224,3898296114,
728,1084,8583,29624,96837,356068,1392994,5269440,18695089,68676866,261327632,1001861181,3938338914,
728,1084,8566,29542,96521,355290,1389258,5247210,18590065,68244682,259339669,992131321,3893686257,
728,1084,8567,29560,96613,355529,1390387,5255798,18621380,68354236,259844676,994463708,3902388804,
734,1084,8546,29515,96549,355576,1390227,5255676,18594399,68120424,258371351,987966477,3881533027,
734,1084,8553,29578,96790,356155,1393019,5268961,18655521,68383400,259687275,994946383,3916415025,
731,1081,8570,29630,96848,356524,1390736,5244284,18572872,68279241,259724517,995186159,3917369948,
734,1084,8551,29584,96797,356147,1393440,5270076,18653544,68394427,259800078,995700585,3920030547,
731,1081,8570,29627,96850,356514,1390772,5243769,18568953,68257127,259599280,994531034,3914772947,
734,1084,8544,29518,96558,355558,1390686,5256325,18588487,68109383,258359885,988074221,3882585342,
734,1084,8548,29517,96543,355741,1390845,5256217,18592665,68112718,258363796,988088544,3882391445,
734,1084,8555,29586,96822,356410,1394243,5274781,18673802,68441406,259990437,996660906,3923084696,
731,1081,8570,29627,96859,356680,1391297,5248902,18592309,68336264,259953453,996297298,3920826147,
734,1084,8550,29590,96839,356174,1393791,5273642,18665591,68413657,259850536,996051185,3920343876,
731,1081,8570,29624,96861,356670,1391402,5248575,18588397,68317569,259881442,996082812,3920611524,
734,1084,8543,29518,96562,355497,1390503,5254709,18580729,68066799,258148900,987254246,3879438171,
734,1084,8553,29541,96676,356017,1391517,5262609,18623259,68256290,259110225,991990494,3903499534,
734,1084,8553,29550,96721,356096,1392176,5268113,18643530,68323145,259429738,993622053,3909566953,
731,1081,8584,29658,97010,356906,1391940,5255896,18633035,68522171,260752924,999945275,3940347378,
734,1084,8551,29552,96733,356005,1392191,5268279,18640319,68317438,259396129,993436417,3908753436,
731,1081,8584,29658,97010,356906,1392006,5256088,18633080,68526009,260808548,1000392412,3942792909,
734,1084,8551,29543,96688,355926,1391594,5262836,18619893,68254095,259126472,992221633,3905013810,
728,1084,8587,29654,96549,355393,1387575,5240980,18618223,68548081,260768665,998704155,3921092784,
728,1084,8604,29715,96813,355694,1389461,5252426,18681919,68832352,262052590,1005021350,3952137887,
728,1084,8590,29638,96443,355402,1387099,5234695,18591978,68463679,260470006,997569034,3917740020,
728,1084,8607,29717,96803,355917,1390267,5254712,18689328,68874190,262328053,1006465616,3958796764,
728,1084,8588,29636,96449,355242,1386657,5232407,18581760,68418754,260235667,996448094,3912930875,
728,1084,8588,29654,96545,355456,1387941,5240981,18615350,68544655,260807521,999024774,3922884471,
728,1086,8577,29609,96344,355202,1387289,5237906,18583771,68313842,259349224,992429347,3901511467,
728,1086,8584,29674,96623,355772,1389849,5251146,18646071,68583422,260697513,999494658,3936446070,
728,1085,8594,29732,96880,356561,1387837,5230997,18570203,68470263,260756733,999975524,3937991001,
728,1086,8583,29678,96634,355756,1390007,5251958,18644192,68589424,260809313,1000187358,3939655159,
728,1085,8594,29730,96880,356548,1387851,5230163,18566237,68446407,260628850,999329023,3935299999,
728,1086,8576,29611,96355,355171,1387462,5237932,18578096,68296210,259332305,992492704,3902114480,
728,1086,8580,29611,96334,355380,1387862,5237642,18580772,68304840,259343031,992534068,3901907944,
728,1086,8587,29682,96651,356010,1391181,5256161,18663365,68654566,261066858,1001382370,3943671941,
728,1085,8594,29729,96891,356706,1388589,5235127,18590383,68540989,261038998,1001280167,3942200014,
728,1086,8583,29684,96672,355770,1390549,5254876,18654902,68619866,260909897,1000696696,3940552980,
728,1085,8594,29727,96891,356696,1388668,5234491,18586444,68520829,260959412,1001044723,3941748027,
728,1086,8576,29611,96355,355132,1387309,5235715,18568409,68249865,259104056,991597588,3898296074,
728,1086,8582,29643,96492,355688,1388542,5244870,18613244,68451951,260106836,996486480,3923342581,
728,1086,8582,29652,96537,355744,1389363,5250418,18633882,68533680,260492771,998311527,3930447315,
728,1085,8608,29766,97061,356900,1389166,5242723,18632046,68728901,261858064,1004953192,3961878188,
728,1086,8580,29654,96552,355650,1389182,5250536,18631340,68519350,260438963,998081073,3929362265,
728,1085,8608,29766,97061,356902,1389230,5242941,18632054,68732886,261909111,1005363876,3964167550,
728,1086,8580,29645,96507,355598,1388421,5245090,18610315,68440752,260099606,996629442,3924350830,
728,1084,8443,29416,96188,352296,1372758,5168436,18293547,67156324,255000629,974476758,3823313531,
728,1084,8457,29479,96418,352663,1374866,5180914,18357876,67434321,256276267,980880951,3854993427,
728,1084,8445,29400,96085,352273,1372398,5162271,18267273,67073319,254704804,973350331,3820301205,
728,1084,8460,29481,96408,352882,1375637,5183055,18364772,67470363,256510809,982181952,3861189855,
728,1084,8443,29398,96091,352114,1371986,5160355,18257815,67031247,254485648,972298484,3815903032,
728,1084,8444,29416,96184,352356,1373118,5168672,18290907,67149862,255013401,974717748,3825038097,
734,1084,8422,29370,96123,352399,1373221,5169420,18264708,66917463,253578893,968480961,3805280608,
734,1084,8429,29435,96364,353010,1375897,5182505,18325595,67181989,254910539,975535026,3840461396,
731,1081,8446,29483,96426,353401,1373698,5158154,18242177,67061853,254881355,975465428,3839907943,
734,1084,8428,29439,96375,352996,1376187,5183364,18323666,67188101,255007978,976190442,3843699858,
731,1081,8446,29481,96426,353388,1373725,5157569,18238128,67040194,254759853,974822053,3837410618,
734,1084,8421,29372,96134,352370,1373539,5169742,18258873,66902016,253553432,968502939,3806075853,
734,1084,8424,29372,96116,352551,1373785,5169619,18261697,66904245,253549412,968505473,3805638421,
734,1084,8431,29443,96395,353246,1377101,5187819,18343073,67240259,255206764,977210117,3846913437,
731,1081,8446,29480,96437,353551,1374316,5162517,18262305,67125953,255135939,976674235,3843681657,
734,1084,8427,29445,96416,353012,1376639,5186739,18335069,67211351,255075292,976621758,3844232717,
731,1081,8446,29478,96437,353541,1374407,5162089,18258421,67108227,255061812,976443812,3843498174,
734,1084,8420,29372,96137,352309,1373416,5168095,18249857,66857693,253341850,967678141,3802777700,
734,1084,8429,29395,96249,352870,1374395,5175688,18292531,67046216,254296830,972441999,3826915857,
734,1084,8429,29404,96294,352946,1375090,5181029,18313238,67118754,254631480,974130685,3833268955,
731,1081,8460,29510,96586,353778,1374925,5170025,18303512,67307075,255938921,980367296,3863402523,
734,1084,8427,29406,96309,352857,1375062,5181215,18310291,67109556,254594623,973931588,3832402780,
731,1081,8460,29510,96586,353780,1374988,5170202,18303679,67311374,255989414,980785871,3865783174,
734,1084,8427,29397,96264,352785,1374426,5175935,18289369,67040661,254306641,972631739,3828288921,
728,1084,8552,29429,96389,355429,1389748,5256550,18653370,68599957,261323069,1001936420,3930923710,
728,1084,8568,29489,96654,355715,1391671,5268327,18715911,68879540,262571783,1008027992,3960749439,
728,1084,8554,29414,96285,355409,1389185,5250300,18625792,68516021,261038414,1000900350,3928126888,
728,1084,8570,29492,96647,355921,1392509,5270753,18722110,68921523,262864301,1009543375,3967662141,
728,1084,8552,29412,96289,355276,1388721,5248188,18616815,68469960,260792385,999785953,3923357905,
728,1084,8552,29430,96386,355502,1390121,5256878,18650502,68595443,261367950,1002330963,3933000135,
728,1086,8542,29393,96165,355263,1389221,5253343,18620673,68367816,259864341,995562331,3911498570,
728,1086,8549,29455,96444,355764,1391664,5266656,18680402,68629314,261165965,1002302303,3944825136,
728,1085,8561,29515,96699,356605,1389343,5245469,18604975,68519232,261236201,1003034559,3947082517,
728,1086,8549,29451,96470,355757,1391821,5267886,18676857,68639044,261285329,1003064286,3948161044,
728,1085,8561,29514,96695,356600,1389378,5244635,18601553,68494926,261108018,1002401069,3944564573,
728,1086,8542,29388,96187,355251,1389406,5253756,18613694,68352979,259855764,995699579,3912351003,
728,1086,8544,29396,96157,355414,1389746,5253413,18618048,68360072,259866088,995659822,3911964750,
728,1086,8551,29464,96474,356003,1393147,5272228,18700185,68704586,261547646,1004218150,3952216871,
728,1085,8561,29512,96710,356761,1390140,5249835,18626618,68590397,261512109,1004231472,3950788497,
728,1086,8549,29457,96507,355793,1392463,5271153,18691100,68672697,261379719,1003515007,3948891460,
728,1085,8561,29511,96706,356756,1390230,5249115,18622742,68568658,261434898,1004020717,3950531248,
728,1086,8542,29388,96186,355202,1389158,5251602,18605305,68307241,259619967,994740427,3908385032,
728,1086,8547,29429,96312,355676,1390208,5259814,18646487,68499901,260568704,999247201,3931509842,
728,1086,8547,29438,96357,355756,1391228,5265581,18669229,68584359,260957906,1001105968,3938690668,
728,1085,8575,29553,96876,356936,1390689,5256731,18665046,68775192,262292142,1007644780,3969094890,
728,1086,8547,29432,96382,355671,1391048,5265749,18665273,68573339,260904535,1000865604,3937534123,
728,1085,8575,29553,96876,356936,1390744,5256841,18664594,68778293,262345656,1008069972,3971410808,
728,1086,8547,29423,96337,355591,1390091,5260016,18641969,68492215,260565764,999409960,3932558150,
728,1084,8408,29187,96012,352326,1374547,5181683,18323690,67235015,255593319,977552752,3829920093,
728,1084,8421,29249,96243,352695,1376729,5194274,18388682,67515003,256833752,983695634,3860159275,
728,1084,8409,29172,95913,352302,1374287,5175431,18298316,67161584,255332788,976578715,3827550856,
728,1084,8423,29252,96236,352891,1377510,5196490,18394622,67551623,257083036,985064435,3866567185,
728,1084,8407,29170,95917,352176,1373883,5173574,18289872,67119047,255104615,975509340,3823073198,
728,1084,8408,29188,96009,352396,1374922,5182063,18321096,67228595,255612896,977845123,3831779617,
734,1084,8387,29150,95928,352503,1374779,5182290,18298320,67010742,254202472,971703291,3812863680,
734,1084,8394,29212,96169,353074,1377505,5195791,18359041,67274251,255496389,978455195,3846498859,
731,1081,8413,29262,96231,353453,1374959,5170085,18273549,67153742,255480686,978570321,3846933251,
734,1084,8394,29208,96195,353071,1377897,5196920,18357227,67288431,255612409,979255400,3850225754,
731,1081,8413,29261,96227,353448,1375020,5169591,18270156,67132947,255355631,977913130,3844450217,
734,1084,8387,29145,95950,352495,1375225,5182941,18293071,67003791,254193517,971854560,3814143301,
734,1084,8388,29153,95925,352642,1375360,5182837,18296208,67001833,254189439,971787781,3813548389,
734,1084,8395,29221,96204,353296,1378642,5201480,18376839,67329286,255784513,980082536,3852796591,
731,1081,8413,29259,96242,353598,1375503,5174855,18293554,67212530,255716834,979690930,3850390659,
734,1084,8393,29214,96237,353099,1378256,5200529,18369735,67307125,255656076,979565328,3850377783,
731,1081,8413,29258,96238,353593,1375618,5174435,18289881,67194969,255644917,979469796,3850276926,
734,1084,8386,29145,95954,352442,1375100,5181447,18285653,66963057,253988011,971043550,3811023602,
734,1084,8394,29177,96055,352948,1375971,5188705,18325124,67144174,254899587,975426863,3833251083,
734,1084,8394,29186,96100,353020,1376580,5194072,18345286,67209247,255209331,977008399,3839101976,
731,1081,8427,29293,96387,353823,1376154,5181904,18333331,67398337,256489905,983127683,3868714291,
734,1084,8394,29180,96125,352942,1376661,5194431,18342789,67207913,255180860,976884435,3838589453,
731,1081,8427,29293,96387,353823,1376208,5181977,18333059,67402096,256545530,983568089,3871146549,
734,1084,8394,29171,96080,352870,1376114,5189067,18322254,67146965,254923664,975719591,3835056263,
728,1084,8438,29365,96141,352734,1376129,5184795,18365005,67587735,257207853,984924080,3865767934,
728,1084,8455,29425,96405,352962,1377738,5196104,18425972,67856308,258441059,990968907,3895344964,
728,1084,8440,29350,96038,352702,1375584,5178885,18339246,67502783,256892382,983725370,3862250086,
728,1084,8457,29428,96398,353157,1378505,5198567,18433917,67898241,258707871,992366360,3901846417,
728,1084,8439,29347,96041,352567,1375150,5176725,18330188,67459174,256658886,982625754,3857593320,
728,1084,8439,29365,96137,352794,1376461,5185106,18363854,67585661,257238395,985218984,3867552907,
728,1086,8428,29327,95919,352545,1375598,5181696,18329599,67338085,255719910,978565598,3846256121,
728,1086,8435,29391,96198,353066,1377926,5194538,18388817,67595181,257019114,985363919,3879711798,
728,1085,8447,29447,96459,353930,1375959,5174428,18318444,67498730,257113625,986184694,3882151117,
728,1086,8436,29385,96228,353044,1378053,5195773,18388056,67605292,257124599,986065869,3882847183,
728,1085,8447,29447,96453,353922,1375988,5173550,18314813,67475019,256987462,985546054,3879674602,
728,1086,8429,29321,95943,352513,1375746,5182068,18325320,67324402,255697355,978641636,3846984323,
728,1086,8430,29330,95912,352687,1376134,5181866,18327901,67331217,255713277,978620769,3846505848,
728,1086,8437,29400,96229,353289,1379318,5200106,18408436,67670570,257397479,987228681,3886940143,
728,1085,8447,29444,96470,354080,1376743,5178629,18339417,67572000,257411348,987496944,3886326650,
728,1086,8436,29391,96266,353071,1378682,5199006,18400427,67639256,257240298,986588136,3883867763,
728,1085,8447,29444,96464,354075,1376822,5177892,18335859,67552118,257327952,987235266,3885947168,
728,1086,8429,29321,95943,352466,1375583,5180046,18316430,67280369,255472548,977710611,3843037791,
728,1086,8433,29362,96067,352997,1376736,5188448,18356977,67465440,256415975,982296175,3866313678,
728,1086,8433,29371,96112,353074,1377654,5194115,18378636,67549205,256810968,984145828,3873545870,
728,1085,8461,29484,96634,354232,1377204,5185659,18377255,67742771,258168907,990877002,3904476703,
728,1086,8433,29365,96140,352982,1377476,5194246,18375712,67537091,256757873,983946639,3872567285,
728,1085,8461,29484,96634,354234,1377256,5185815,18377293,67746958,258214870,991253588,3906623334,
728,1086,8433,29356,96095,352909,1376618,5188680,18353839,67457373,256407160,982447603,3867323468,
728,1084,8304,29206,95966,350184,1364498,5125689,18101695,66442259,252394806,964041333,3776334419,
728,1084,8318,29268,96196,350522,1366600,5138811,18165603,66721614,253675818,970264958,3806827978,
728,1084,8305,29191,95866,350146,1364123,5119402,18074684,66357969,252090820,962874114,3773139052,
728,1084,8320,29271,96189,350707,1367271,5140708,18171657,66755261,253902512,971529101,3812865874,
728,1084,8304,29188,95869,350018,1363747,5117498,18065965,66318035,251874239,961832686,3768795736,
728,1084,8305,29206,95962,350241,1364791,5125698,18098978,66435499,252402204,964257357,3777957266,
734,1084,8283,29167,95883,350325,1364839,5126671,18075364,66215235,251021599,958333842,3759914691,
734,1084,8290,29231,96124,350918,1367450,5139857,18135053,66475208,252323764,965161318,3793704848,
731,1081,8309,29277,96191,351332,1365027,5114636,18048552,66331508,252198750,964935386,3792330723,
734,1084,8291,29225,96154,350901,1367730,5140704,18133338,66484346,252421263,965858755,3797023618,
731,1081,8309,29277,96185,351324,1365078,5114074,18044923,66311099,252075300,964281079,3789913261,
734,1084,8284,29161,95907,350298,1365162,5126971,18070106,66203777,250993733,958387107,3760875455,
734,1084,8284,29170,95879,350451,1365374,5126863,18072216,66202298,250992542,958335141,3760150730,
734,1084,8291,29240,96158,351121,1368576,5145030,18152255,66531516,252610276,966771253,3799894295,
731,1081,8309,29274,96202,351471,1365631,5119128,18069267,66397047,252460804,966155893,3796116295,
734,1084,8290,29231,96195,350918,1368192,5144121,18145179,66507414,252484818,966257524,3797454158,
731,1081,8309,29274,96196,351466,1365731,5118609,18065488,66380376,252384604,965909487,3796000292,
734,1084,8283,29161,95910,350245,1365098,5125442,18061466,66162047,250790612,957569990,3757602122,
734,1084,8290,29193,96009,350784,1365891,5132327,18100384,66329960,251659628,961948358,3779531013,
734,1084,8290,29202,96054,350853,1366537,5137534,18120951,66400181,251983798,963594705,3785722220,
731,1081,8323,29307,96345,351675,1366194,5126574,18108300,66569004,253214128,969551518,3814185943,
734,1084,8290,29196,96082,350769,1366575,5137902,18118602,66394907,251948500,963448461,3785119953,
731,1081,8323,29307,96345,351677,1366245,5126632,18108136,66573159,253264589,969963863,3816552892,
734,1084,8290,29187,96037,350704,1365988,5132698,18097632,66328881,251673059,962189410,3781155036,
728,1084,8712,29813,97029,357648,1402260,5323677,18921936,69669602,265364355,1015903558,3986850340,
728,1084,8728,29875,97291,357982,1404468,5335566,18985356,69950546,266633280,1022213736,4017881190,
728,1084,8715,29797,96923,357668,1401704,5316955,18894260,69587668,265086154,1014892058,3984210262,
728,1084,8731,29877,97283,358233,1405319,5337674,18991721,69997817,266945407,1023746604,4024821338,
728,1084,8712,29796,96930,357526,1401385,5315176,18883753,69534638,264829834,1013805775,3979398399,
728,1084,8712,29814,97028,357757,1402795,5324021,18917630,69663676,265419761,1016343811,3988910409,
728,1086,8702,29770,96817,357458,1402085,5320538,18888699,69442920,263945418,1009617147,3966780577,
728,1086,8709,29833,97096,358000,1404761,5334188,18950110,69707925,265291320,1016672515,4001664856,
728,1085,8719,29894,97352,358844,1402623,5313604,18871465,69594789,265363245,1017257319,4003518657,
728,1086,8707,29839,97105,358082,1405084,5335149,18948170,69732149,265479414,1017606665,4006312131,
728,1085,8719,29891,97354,358834,1402756,5313393,18868252,69572663,265261293,1016802704,4001375432,
728,1086,8700,29773,96828,357530,1402543,5321342,18883526,69445397,264036934,1010122529,3969364149,
728,1086,8705,29772,96807,357644,1402608,5320171,18885128,69433582,263945026,1009762358,3967471350,
728,1086,8712,29841,97124,358248,1406131,5339034,18968407,69781759,265664419,1018568202,4008840396,
728,1085,8719,29891,97363,358995,1403413,5318037,18892256,69662301,265631143,1018481601,4007315963,
728,1086,8707,29845,97141,358082,1405612,5338101,18960821,69760174,265552153,1018051188,4006910036,
728,1085,8719,29888,97365,358985,1403577,5317784,18889116,69647378,265593674,1018436342,4007319064,
728,1086,8700,29773,96826,357471,1402253,5318960,18874645,69397227,263790942,1009181097,3965498433,
728,1086,8707,29804,96968,357915,1403230,5327422,18915804,69575392,264700943,1013684027,3988724909,
728,1086,8707,29813,97013,357969,1404139,5332889,18938013,69660016,265083866,1015477039,3995489059,
728,1085,8733,29929,97535,359190,1404125,5325827,18933896,69856032,266476811,1022282603,4027386570,
728,1086,8705,29815,97025,357932,1404075,5333469,18937304,69668221,265123017,1015573696,3996130542,
728,1085,8733,29929,97535,359190,1404153,5325786,18933989,69863622,266542540,1022694730,4029598139,
728,1086,8705,29806,96980,357878,1403190,5327822,18915059,69590297,264795525,1014139642,3991371038,
728,1084,8560,29504,96475,353998,1382936,5231877,18549624,68029344,258589071,988912219,3880418186,
728,1084,8573,29568,96703,354370,1385155,5243846,18613550,68297894,259810534,995178757,3911568132,
728,1084,8562,29488,96374,353985,1382626,5225735,18525389,67957704,258327530,987934518,3878111837,
728,1084,8576,29570,96695,354611,1386020,5246339,18621009,68342440,260087027,996579351,3918080747,
728,1084,8559,29487,96381,353842,1382343,5224339,18516391,67908078,258083279,986897146,3873681085,
728,1084,8560,29505,96474,354096,1383522,5232998,18547914,68023936,258620729,989266868,3882427750,
734,1084,8539,29460,96404,354115,1383401,5232459,18520726,67787934,257123446,982743874,3861235569,
734,1084,8546,29523,96645,354696,1386184,5245685,18580948,68045930,258435788,989747704,3896150515,
731,1081,8563,29574,96707,355114,1384006,5221422,18501431,67960987,258544476,990237370,3898239953,
734,1084,8544,29529,96654,354765,1386689,5247070,18581876,68073344,258611674,990706733,3900982336,
731,1081,8563,29571,96709,355104,1384148,5221372,18497887,67941482,258447967,989766181,3896259330,
734,1084,8537,29463,96415,354174,1384050,5233847,18518054,67796149,257207524,983253203,3864151485,
734,1084,8541,29462,96399,354276,1383962,5233119,18519107,67779171,257113138,982864911,3862126232,
734,1084,8548,29531,96678,354942,1387345,5251584,18600154,68107962,258751595,991463946,3902782136,
731,1081,8563,29571,96718,355270,1384592,5226238,18520738,68017991,258785305,991402321,3901862370,
734,1084,8543,29535,96695,354772,1387008,5250706,18594293,68092258,258662428,991097295,3901435218,
731,1081,8563,29568,96720,355260,1384766,5226221,18517916,68006692,258748521,991325473,3902014494,
734,1084,8536,29463,96418,354098,1383804,5232196,18510670,67752450,256983270,982406487,3860906119,
734,1084,8546,29485,96535,354578,1384722,5239620,18549435,67919794,257865500,986844977,3883518466,
734,1084,8546,29494,96580,354652,1385375,5245073,18570510,67991760,258200136,988478802,3889518312,
731,1081,8577,29602,96869,355496,1385326,5233529,18561822,68204592,259607454,995205722,3921960798,
734,1084,8544,29496,96592,354613,1385459,5245464,18569691,68005116,258255370,988660165,3890523898,
731,1081,8577,29602,96869,355496,1385355,5233566,18562570,68213193,259668691,995606186,3924162936,
734,1084,8544,29487,96547,354539,1384831,5239915,18549244,67940988,257972282,987378817,3886547034,
728,1084,8580,29599,96432,354063,1381172,5217977,18553955,68219423,259401155,992954909,3898199400,
728,1084,8597,29661,96693,354375,1383128,5229535,18617117,68495763,260663812,999275690,3929317970,
728,1084,8583,29583,96326,354075,1380647,5211416,18527093,68133550,259090128,991763233,3894704172,
728,1084,8600,29663,96685,354621,1383910,5231732,18624655,68540841,260950366,1000685153,3935822406,
728,1084,8581,29581,96332,353933,1380341,5209590,18516450,68081548,258846656,990722028,3890134913,
728,1084,8581,29599,96430,354167,1381651,5218357,18550748,68212297,259442626,993319460,3900077233,
728,1086,8570,29554,96223,353858,1380975,5214966,18519254,67981468,257956213,986624243,3878036186,
728,1086,8577,29619,96502,354430,1383563,5228265,18581097,68247348,259303174,993736555,3913180142,
728,1085,8587,29676,96762,355263,1381598,5208401,18506559,68150996,259430857,994418979,3915472251,
728,1086,8576,29623,96515,354519,1383760,5229370,18580940,68265586,259478708,994636359,3917610126,
728,1085,8587,29674,96762,355250,1381735,5208082,18503098,68127501,259325920,993967200,3913461769,
728,1086,8569,29556,96236,353932,1381310,5215804,18515766,67976584,258029222,987097304,3880550462,
728,1086,8573,29556,96213,354038,1381517,5214610,18515862,67970958,257944066,986722760,3878462752,
728,1086,8580,29627,96530,354664,1384850,5233066,18598478,68319671,259671116,995576865,3920200413,
728,1085,8587,29673,96773,355407,1382370,5212750,18526964,68221423,259719108,995771377,3919845234,
728,1086,8576,29629,96551,354506,1384281,5232189,18591582,68294408,259570126,995148359,3918503043,
728,1085,8587,29671,96773,355397,1382535,5212410,18523913,68205547,259669546,995672871,3919782626,
728,1086,8569,29556,96234,353872,1381113,5213395,18506023,67929545,257789929,986174258,3876642526,
728,1086,8575,29587,96374,354355,1382258,5222098,18547506,68113691,258711886,990756672,3900210010,
728,1086,8575,29596,96419,354405,1383065,5227519,18568634,68198115,259102243,992541147,3907083931,
728,1085,8601,29710,96943,355601,1383035,5220687,18568676,68408226,260554653,999600517,3940144125,
728,1086,8573,29598,96434,354375,1382932,5228084,18568581,68200324,259136641,992683713,3907846514,
728,1085,8601,29710,96943,355603,1383062,5220686,18569052,68416136,260612152,999954241,3942145669,
728,1086,8573,29589,96389,354329,1382148,5222544,18547520,68122633,258795543,991200061,3902747278,
728,1084,8438,29373,96083,351140,1367884,5150268,18248359,66949806,254221042,971230245,3810992986,
728,1084,8452,29437,96310,351517,1370094,5162882,18312122,67218725,255467134,977613368,3842586358,
728,1084,8440,29357,95981,351118,1367474,5143933,18221745,66865381,253913249,970042085,3807753783,
728,1084,8455,29439,96302,351753,1370851,5165121,18319377,67258828,255721777,978903930,3848684199,
728,1084,8438,29355,95987,350975,1367202,5142491,18212362,66816256,253677086,969044238,3803544564,
728,1084,8439,29373,96081,351233,1368373,5151084,18246108,66940409,254237690,971513918,3812811005,
734,1084,8417,29327,96014,351229,1368454,5151233,18219171,66708444,252774962,965188090,3792545539,
734,1084,8424,29392,96255,351842,1371149,5164262,18279283,66967835,254097092,972256936,3827717990,
731,1081,8441,29439,96321,352262,1368892,5140142,18198172,66863519,254127765,972383836,3828118841,
734,1084,8423,29396,96268,351919,1371446,5165492,18279666,66984323,254247766,973110143,3832088139,
731,1081,8441,29437,96321,352249,1369034,5139960,18194318,66842166,254027422,971917120,3826261626,
734,1084,8416,29329,96027,351291,1368894,5152333,18215797,66703850,252827113,965592871,3795125361,
734,1084,8419,29329,96008,351381,1368982,5151475,18215971,66694016,252743659,965217786,3792945331,
734,1084,8426,29400,96287,352072,1372315,5169649,18297425,67029641,254408590,973949892,3834223785,
731,1081,8441,29436,96332,352411,1369536,5144764,18218414,66927589,254392310,973657209,3832155024,
734,1084,8422,29402,96308,351912,1371882,5168869,18291303,67007574,254314097,973583372,3832815874,
731,1081,8441,29434,96332,352401,1369707,5144582,18215293,66914265,254345607,973547309,3832318741,
734,1084,8415,29329,96029,351213,1368722,5150505,18206840,66658526,252599328,964727843,3791681943,
734,1084,8424,29351,96144,351708,1369618,5157645,18246236,66830948,253484499,969191493,3814344800,
734,1084,8424,29360,96189,351778,1370311,5163011,18267800,66908267,253836042,970892602,3820712099,
731,1081,8455,29466,96481,352638,1370223,5152463,18259415,67107159,255206927,977476015,3852370586,
734,1084,8422,29362,96204,351747,1370281,5163408,18266874,66912997,253874110,971039054,3821560734,
731,1081,8455,29466,96481,352640,1370251,5152483,18260135,67115555,255263039,977839549,3854458656,
734,1084,8422,29353,96159,351681,1369612,5157944,18245734,66843071,253571095,969657170,3817106389,
728,1084,8545,29360,96059,353711,1382754,5234023,18578916,68223854,259955489,996420337,3908665961,
728,1084,8561,29421,96321,353988,1384707,5245947,18640783,68494082,261178674,1002502961,3938495404,
728,1084,8547,29345,95956,353706,1382183,5227742,18551784,68142038,259662275,995352214,3905895178,
728,1084,8563,29424,96316,354227,1385568,5248329,18648187,68544483,261489625,1003993931,3945325296,
728,1084,8545,29343,95960,353573,1381799,5225942,18541603,68086485,259401989,994287401,3901235618,
728,1084,8545,29361,96058,353817,1383231,5234625,18576011,68218396,260005085,996840576,3910765532,
728,1086,8535,29324,95831,353544,1382294,5230820,18545849,67985134,258469433,989992549,3888682149,
728,1086,8542,29386,96110,354047,1384750,5244210,18605048,68242577,259766518,996770010,3922195523,
728,1085,8554,29445,96369,354927,1382526,5223228,18531354,68149474,259886043,997628263,3925029315,
728,1086,8542,29382,96138,354107,1385043,5245552,18604229,68271014,259953372,997717604,3926764776,
728,1085,8554,29444,96365,354922,1382644,5222896,18528036,68126454,259783988,997177530,3923094804,
728,1086,8535,29319,95855,353599,1382698,5231851,18541666,67990486,258557180,990506671,3891369040,
728,1086,8537,29327,95824,353710,1382826,5230932,18543515,67978858,258472367,990106172,3889296227,
728,1086,8544,29395,96141,354296,1386224,5249674,18625842,68323141,260160894,998680916,3929467940,
728,1085,8554,29442,96380,355083,1383340,5227714,18552860,68219651,260170606,998868951,3928828645,
728,1086,8542,29388,96174,354120,1385653,5248787,18618252,68301974,260044205,998202071,3927515717,
728,1085,8554,29441,96376,355078,1383477,5227334,18549904,68204514,260129876,998795908,3928895845,
728,1086,8535,29319,95853,353532,1382398,5229663,18533248,67943177,258313542,989544537,3887397179,
728,1086,8540,29359,95982,353983,1383331,5237412,18570680,68111695,259164023,993719156,3908971514,
728,1086,8540,29368,96027,354058,1384335,5243018,18594145,68199949,259564520,995557268,3915888860,
728,1085,8568,29483,96546,355258,1383950,5234912,18591186,68403053,260959625,1002398664,3947578755,
728,1086,8540,29362,96052,354007,1384269,5243544,18592989,68210126,259602956,995673742,3916564883,
728,1085,8568,29483,96546,355258,1383969,5234860,18591538,68411461,261022854,1002778159,3949645182,
728,1086,8540,29353,96007,353932,1383292,5237808,18569846,68130160,259260050,994179859,3911562040,
728,1084,8403,29134,95707,350843,1369283,5163212,18265799,66974150,254719975,974068191,3816214872,
728,1084,8416,29197,95935,351202,1371521,5176027,18330396,67244617,255932493,980189495,3846336060,
728,1084,8404,29119,95609,350831,1369012,5157007,18240915,66901468,254451670,973054262,3813751307,
728,1084,8418,29200,95930,351425,1372332,5178338,18337285,67288912,256206014,981555549,3852698507,
728,1084,8402,29117,95613,350703,1368695,5155508,18232090,66850971,254207243,972031591,3809397954,
728,1084,8403,29135,95706,350938,1369778,5164053,18263728,66967501,254748203,974405091,3818152464,
734,1084,8382,29097,95619,351019,1369592,5163774,18240309,66744037,253302046,968180127,3798813496,
734,1084,8389,29159,95860,351592,1372326,5177275,18300316,67003088,254588853,974945436,3832477592,
731,1081,8408,29208,95926,351996,1369809,5151726,18217025,66898271,254619693,975196477,3833691559,
734,1084,8389,29155,95888,351644,1372838,5178592,18301280,67033694,254770015,975945091,3837372815,
731,1081,8408,29207,95922,351991,1369947,5151638,18213496,66879087,254521094,974713593,3831780764,
734,1084,8382,29092,95643,351066,1370235,5165023,18237662,66755339,253387407,968714376,3801855289,
734,1084,8383,29100,95617,351170,1370168,5164447,18238439,66736011,253293377,968287547,3799605540,
734,1084,8390,29168,95896,351821,1373447,5183043,18319244,67064313,254899020,976613124,3838815249,
731,1081,8408,29205,95937,352141,1370371,5156633,18236763,66956839,254867308,976375510,3837321258,
734,1084,8388,29161,95929,351652,1373159,5182218,18313902,67051414,254814544,976310927,3837664502,
731,1081,8408,29204,95933,352136,1370529,5156515,18233884,66946186,254830117,976285894,3837536379,
734,1084,8381,29092,95646,350998,1370049,5163499,18230499,66713188,253170172,967886322,3798657027,
734,1084,8389,29123,95750,351486,1370802,5170286,18266581,66872527,253990684,971935295,3819372050,
734,1084,8389,29132,95795,351553,1371400,5175595,18287625,66942921,254317790,973533883,3825156018,
731,1081,8422,29239,96082,352366,1371077,5163882,18276347,67141491,255649634,979917025,3856030888,
734,1084,8389,29126,95820,351505,1371563,5176104,18287156,66960188,254375532,973752925,3826350128,
731,1081,8422,29239,96082,352366,1371097,5163851,18276993,67150537,255712868,980314329,3858225477,
734,1084,8389,29117,95775,351438,1370993,5170692,18266737,66898829,254105955,972515029,3822601505,
728,1084,8433,29312,95860,351395,1371612,5167558,18320153,67338160,256274367,981336169,3851381731,
728,1084,8450,29373,96121,351634,1373306,5179000,18380250,67597509,257481954,987384762,3881024995,
728,1084,8435,29297,95757,351382,1371075,5161435,18294104,67254204,255952965,980099561,3847777755,
728,1084,8452,29376,96116,351868,1374103,5181448,18388963,67646165,257770078,988767714,3887431385,
728,1084,8434,29294,95760,351249,1370719,5159600,18283626,67199433,255701729,979066002,3843305856,
728,1084,8434,29312,95858,351496,1372053,5168185,18318312,67331770,256308958,981682025,3853257078,
728,1086,8423,29274,95634,351194,1371086,5164388,18283600,67080550,254744091,974849384,3831081243,
728,1086,8430,29338,95913,351717,1373457,5177321,18342414,67333852,256035774,981685444,3864708405,
728,1085,8442,29393,96177,352601,1371459,5157255,18272605,67251012,256177845,982601813,3867626029,
728,1086,8431,29332,95945,351778,1373649,5178761,18343491,67356675,256209419,982589978,3869025266,
