4,5,6,7,8,9,10,11,12,13,14,15,16,17,
432,576,1302,16629,52640,123317,477491,1521346,5397712,22496121,81358140,278978914,1038735080,4912767170,
432,576,1296,17252,54941,131846,524375,1653059,5635247,23326979,85530743,299520644,1123906051,5331514954,
432,576,1305,17234,55131,131181,523181,1674601,5768224,23799233,86802897,301416493,1127860052,5377675656,
432,576,1270,16544,52642,122186,474344,1518680,5333742,22404875,81383680,273455765,1005431417,4872833611,
432,576,1149,14864,47328,107813,417404,1311819,4361880,17590226,65122215,234240071,895756560,4201046066,
432,576,1262,16447,52949,122879,472685,1484516,5079080,21434830,79030897,271615440,1009897385,4785371669,
432,576,1251,16476,52835,122066,474552,1507278,5292835,22510365,82567000,280903396,1030019140,4903338086,
432,576,1353,18038,57792,137870,537946,1697604,5963578,25903968,96083902,325347478,1223387250,6198652812,
432,576,1268,16451,51362,119318,458898,1440710,5153844,21792040,77903088,265018681,989586297,4703158661,
432,576,1298,16591,51289,123631,478691,1477361,5118891,21594631,79629515,282432943,1046622652,4744660557,
432,576,1284,16904,54100,124650,482750,1531770,5357184,23225471,85813241,292099693,1118434739,5725652955,
432,576,1255,16206,51294,117592,444632,1391812,4976778,21916126,80819915,274053671,1034568576,5158156668,
432,576,1286,16847,53950,125556,480891,1509751,5290744,22811725,83351199,281735565,1075148739,5447826762,
432,576,1273,16897,53951,123360,477488,1520821,5364177,22984200,83814469,286442747,1112478549,5655439383,
432,576,1240,16231,51391,116062,439348,1388724,5013191,22023675,80645022,269314709,1015159652,5155989969,
432,576,1282,16845,53887,126693,488690,1533488,5342475,23098111,85999704,296050890,1122725117,5591676926,
432,576,1344,18081,57666,134800,533175,1721751,6222928,26871529,97308099,326606873,1245673645,6370367271,
432,576,1276,16486,52682,123608,484085,1519427,5266548,22410219,82502975,282098183,1030094439,4841443295,
432,576,1296,16392,51571,117468,446702,1402731,5153915,22669670,82117992,267392254,945270054,4461507390,
432,576,1249,16256,51241,117422,444373,1397094,5035492,22015047,81293396,275379660,1028929092,5123646913,
432,576,1255,16496,52724,120328,470647,1492613,5142547,21512840,78019234,265609953,994418577,4792380372,
432,576,1352,18038,57615,138112,541684,1701894,5924134,25659789,95491773,327352974,1230453081,6136433757,
432,576,1258,16508,52689,120337,466692,1488381,5206706,21818542,78737711,266554924,990715144,4740598751,
432,576,1270,16325,51646,116770,444039,1406093,5175634,22687464,83130589,273353200,963745692,4546558865,
432,576,1157,14940,47170,106548,412098,1295888,4302224,17274029,62801661,221938979,843634165,3976698710,
432,576,1253,16257,51327,117406,444831,1396850,5067275,22189359,81710113,275070452,1023811128,5097043917,
432,576,1255,16514,52635,121639,474825,1504404,5208223,21994644,80282750,271290615,1002664201,4876733568,
432,576,1359,18056,57715,138630,542382,1707711,6005494,26046650,96819957,329779853,1237667381,6228433897,
432,576,1231,15524,47842,113817,438549,1357962,4632194,18632641,67529305,243598818,906206942,3954723378,
432,576,1232,15681,48724,115275,445755,1380684,4734197,19342536,70385961,250566396,934012263,4178294787,
432,576,1220,15332,47593,112964,439107,1357239,4665187,19041746,69330012,247880322,923291510,4082454996,
432,576,1233,15635,48839,115292,446225,1386062,4761039,19476191,70767764,251385078,936769049,4218328551,
432,576,1208,15607,49945,112451,424889,1338910,4668370,19399390,70294545,246593884,940133147,4390713904,
432,576,1180,15183,48302,109562,414974,1305801,4465845,18055915,65145782,231724475,908284680,4307304280,
432,576,1282,16800,53728,123437,473931,1499877,5341240,23168059,85145444,286492754,1079701267,5493904463,
432,576,1322,17487,56064,133868,528547,1675675,5857941,24824966,91868215,319716113,1232844797,6164608033,
432,576,1271,16584,52591,123733,480043,1507099,5225467,21535586,78400968,278648913,1069966186,5045198817,
432,576,1192,15393,48811,110047,418185,1315891,4543212,18713857,67768556,236523804,908554605,4339165907,
432,576,1310,17401,56108,132204,517381,1630493,5637502,23887773,87735984,302556708,1165186277,5863358311,
432,576,1273,16706,53895,124349,477813,1512540,5251487,21962300,80030865,279949166,1057829484,4923419252,
432,576,1308,17445,56242,131655,519307,1664703,5890693,25083903,91288766,307643570,1159463794,5812798853,
432,576,1263,16527,52884,122393,475306,1498473,5156460,21545124,78726524,276091802,1056113120,5009876887,
432,576,1209,15539,49825,112484,424638,1330892,4599977,19168150,69840906,244596957,923686917,4288433251,
432,576,1287,16805,53580,125910,488702,1535106,5390681,22695765,83062235,289412643,1079630273,5046223693,
432,576,1271,16624,53784,123225,465065,1462825,5127234,21700730,79084144,265309536,953652394,4443482626,
432,576,1210,15610,49803,112401,425334,1338646,4657445,19324736,70150310,245135459,927834876,4307937382,
432,576,1302,17241,54968,131833,519984,1637701,5607580,23160075,84679726,293715006,1091957037,5134077775,
432,576,1155,14826,47293,107593,410979,1284824,4229249,16789356,60973208,221218147,860200263,3981256946,
432,576,1170,15101,48291,109626,417643,1309572,4447630,17983350,65406273,235638529,923271562,4317771104,
432,576,1314,17385,56073,132581,521802,1665950,5943071,25265121,92028614,312615814,1175131925,5798380953,
432,576,1205,15619,49753,112953,427657,1333974,4636918,19340324,70272453,245301616,925097133,4299980126,
432,576,1273,16647,53814,123666,472768,1499792,5390587,23367524,86219148,292462073,1071581860,5122400663,
432,576,1269,16566,52586,123983,483005,1518777,5329915,22162256,80608487,285223116,1080175332,4971595977,
432,576,1192,15388,48815,110989,423343,1326718,4633772,19305082,70345309,246405859,933051724,4358389899,
432,576,1275,16523,52746,122389,473167,1493478,5134093,21352344,77295642,266229675,1010268220,4845884659,
432,576,1293,17234,55212,129053,508308,1620820,5539919,22985591,82929022,280348853,1050452865,5119580249,
432,576,1273,16486,52797,122914,479751,1515409,5211142,21885241,79733633,275426505,1032303133,4824090856,
432,576,1288,16831,54072,125417,483831,1528577,5308942,22875209,84291740,285410202,1077736556,5420619259,
432,576,1196,15271,48849,110770,420164,1316752,4524963,18688377,67770295,236795858,904391961,4281622777,
432,576,1277,16553,52805,124751,488552,1542829,5392735,22726371,83940534,293494022,1109345023,5260419466,
432,576,1163,14874,47368,107486,412559,1292122,4261578,16876064,61471281,223606016,867621364,4010923365,
432,576,1190,15356,48838,110736,424703,1338224,4641932,19298482,70720171,247570809,933183230,4316889994,
432,576,1297,16946,53850,127181,492463,1546469,5485505,23458047,86878276,299606708,1133221378,5632581591,
432,576,1251,16240,51724,116092,440520,1403745,5124971,22702308,83047532,269212587,994059072,5168467532,
432,576,1315,17260,54533,132859,525006,1657703,5719658,23574330,86801246,304666777,1133103365,5338844038,
432,576,1307,17234,54886,131024,515448,1631003,5605759,23249580,83889171,283604046,1062217116,5272145019,
432,576,1276,16431,51928,120870,468453,1467984,5020251,20451410,74290572,266289276,1013168059,4633953264,
432,576,1200,15121,46578,111727,433024,1323467,4350718,16919851,60474913,219074896,820382805,3609089491,
432,576,1157,14357,44152,101995,381707,1161577,3890628,15276704,54299990,195780729,737305010,3213446497,
432,576,1271,16467,51599,121653,464151,1458077,5061444,20720285,74732816,257455484,948509314,4370470604,
432,576,1151,14258,44303,100211,375622,1159616,3941316,15591881,55003945,197626105,743649261,3226529951,
432,576,1144,14334,44349,101500,374939,1152164,3975490,15970619,56028338,195354310,736346333,3342398586,
432,576,1138,14083,43477,95435,338607,1056331,3782922,15556451,55623019,187095547,688291220,3308576052,
432,576,1142,14111,43584,96296,342865,1074895,3900144,16478192,59425271,195872804,712781059,3463000335,
432,576,1122,13997,43663,96330,342647,1079959,3926359,16542763,59685442,197767123,717842040,3449355079,
432,576,1159,14123,43499,99560,363140,1116133,3926806,16258104,59487194,205890711,756495804,3491649399,
432,576,1131,14097,43581,96421,344388,1069175,3822730,15817804,57080070,194930033,714288210,3381610619,
432,576,1275,16415,51971,121675,465868,1460798,5059135,20698292,74514404,255540348,936175675,4303745919,
432,576,1032,12307,37203,77534,261843,801562,3085601,13769263,49922209,162583522,573394728,2677817129,
432,576,1166,14531,45345,100983,360542,1126131,4177392,18077106,65980120,218363517,774231386,3587897807,
432,576,1039,12324,37300,78760,265652,809587,3133658,13975569,50660327,165021985,581441155,2726407955,
432,576,1161,14439,45418,101213,359785,1124462,4177726,18145561,66379327,218987333,772075152,3583102697,
432,576,1258,16436,52043,122265,467256,1465445,5067712,20744735,74877750,264801764,1004706594,4601564211,
432,576,1052,12701,38524,81479,279039,848399,3226360,14458704,52544684,170948301,597336082,2761396331,
432,576,1222,15594,49631,113518,422249,1319971,4741709,20284339,73840062,248259578,881703363,3964769684,
432,576,1275,16570,52446,123539,471908,1482342,5195836,21848037,79715041,272027071,991989070,4609804274,
432,576,1251,15542,47831,113966,437161,1353082,4665273,18774012,67812635,242336201,897372921,3946715499,
432,576,1123,13935,43104,97347,365056,1121707,3754557,14639270,52386303,191519201,725238766,3125657688,
432,576,1233,15702,49468,113605,424428,1319846,4635126,19704920,72663961,250078582,923283436,4367069081,
432,576,1143,14049,43484,97589,360321,1114346,3764948,14840982,52226746,187205601,703950866,3047784643,
432,576,1180,14864,46013,105594,403968,1263663,4206422,16392747,57554727,203209134,763569202,3429770038,
432,576,1121,14018,43189,97033,357363,1106137,3782454,14848452,51623052,180303812,681974257,3057940136,
432,576,1281,16537,52205,122613,465677,1455750,5074487,21324970,77447574,261469480,967822397,4681718160,
432,576,1283,16498,52219,123174,472782,1485298,5278458,22092538,79572997,277396075,1047989533,4902911271,
432,576,1236,15357,47377,114135,443242,1359482,4686010,19003734,69683923,253039613,942080050,4129375215,
432,576,1295,16614,52144,125204,486005,1517229,5338445,22551978,83027816,285847588,1053196617,5018786807,
432,576,1239,15394,47885,111555,430273,1337449,4584944,18484961,65759180,230759087,855103180,3835770557,
432,576,1291,16561,52069,124998,482167,1512812,5389840,22761341,83700746,287631109,1042792564,4834783791,
432,576,1168,14383,44144,102187,375915,1157471,4036704,15963437,55841354,198215146,742228874,3229777751,
432,576,1204,15257,47786,104767,382231,1211686,4598228,20676363,77232243,258775426,947913136,4689015376,
432,576,1254,15913,50146,115589,435480,1384697,5100652,22331205,83097187,281965417,1044080366,5106919333,
432,576,1105,12810,38069,81613,279272,865654,3527402,16388597,60911673,204085638,760810102,3791464561,
432,576,1224,15893,50178,111279,413936,1323412,4885414,21717695,80369001,258842093,927625729,4743737258,
432,576,1198,15155,47854,105512,387543,1242472,4761921,21704453,80370621,258512530,923010314,4620142194,
432,576,1085,12742,38125,81232,277237,860641,3466749,16168188,60093634,199007449,732605602,3692155252,
432,576,1234,15924,50210,112239,418259,1333934,4913028,21788094,81075382,264737166,955040198,4858153881,
432,576,1220,15205,47797,106553,393468,1257561,4828760,21856000,81478364,267184286,963251382,4758083703,
432,576,1190,15147,47855,104021,375129,1192707,4517492,20351626,75702693,249317816,904917051,4521727582,
432,576,1231,15856,50170,114457,429480,1369276,5023904,22097364,81696989,271516100,993986153,4906538526,
432,576,1181,14323,44075,96127,332520,1045258,4209683,19645392,73218846,238930720,876397178,4523447792,
432,576,1224,15815,50269,112359,421296,1353269,5074405,23061239,86177258,277305298,990647946,5099388125,
432,576,1186,15140,47828,103977,378172,1203823,4580031,20824623,77802878,256969253,929984792,4604386271,
432,576,1292,17006,54158,123936,474764,1527347,5589530,24579847,89947240,295897170,1081177561,5366093420,
432,576,1197,15233,47740,104949,383019,1214164,4623125,20925993,78228372,260721524,949009913,4697270409,
432,576,1306,17060,54205,124293,474734,1527979,5676158,24941603,90686587,298191310,1095840363,5474965987,
432,576,1181,14329,44007,95103,327334,1028883,4176609,19535431,72319828,234021221,856148964,4410208407,
432,576,1241,15933,50166,112204,419400,1343535,5073229,22959963,85417360,273816219,983165149,5097677456,
432,576,1278,16495,52594,123860,481406,1518455,5372259,22800731,83396668,289218384,1087841968,5124171829,
432,576,1198,15183,47854,110395,425577,1332198,4570147,18533402,66444883,235446628,872581741,3838780142,
432,576,1237,15714,48919,116008,447787,1382140,4846558,20101253,72666651,252185927,920560350,4129920055,
432,576,1226,15658,48814,114403,441690,1372913,4713280,19223600,68996676,241400145,896924133,4045737857,
432,576,1296,16822,53449,126469,485270,1521066,5471516,23010732,83213867,288464869,1080624974,5061184922,
432,576,1214,15437,48170,113173,439081,1360779,4645681,18784366,67886962,241383306,890327540,3925763996,
432,576,1235,15582,49154,114434,441703,1379726,4804833,19899720,71734632,248103817,908007558,4066841829,
432,576,1217,15569,48993,114416,443095,1381143,4689397,19183248,69868200,247071988,913104338,4090494423,
432,576,1168,13937,42996,94876,325378,1009986,4101923,19449389,71892340,218747201,720551105,3534486959,
432,576,1061,12424,37073,78499,264029,809371,3197530,14740383,54734047,175480986,613436063,3003308053,
432,576,1115,13070,39086,84755,289965,885590,3592090,17166505,64009922,196313956,637781464,3051239648,
432,576,1086,12751,38283,82167,277048,842115,3286130,15010030,55388116,178470722,627546299,3065337785,
432,576,1266,16316,51551,117512,435626,1374040,5090146,22626148,82499514,266621116,934157694,4409270070,
432,576,1120,14106,44249,97166,356480,1125405,3980035,16660650,60854425,208103371,775660922,3688523617,
432,576,1248,16366,52053,120595,462096,1468541,5103639,21053040,76031320,262490119,968132357,4401456093,
432,576,1116,14052,44191,96954,352835,1109021,3856211,15817243,58049052,203069276,763427481,3575000176,
432,576,1139,14075,44195,98803,365404,1154957,4062511,16606389,60733605,212403161,803118186,3704141475,
432,576,1147,14599,45766,99308,360904,1140748,4133497,17803721,65022565,217884070,789201858,3667205586,
432,576,1221,15690,49757,111595,416674,1329337,4810246,20459410,74028252,248454605,896851136,4099076202,
432,576,1105,14011,44156,96413,351177,1103885,3808763,15573635,57102179,198933704,743527675,3457222684,
432,576,1125,14069,44227,98141,361975,1147653,4014840,16505633,60667059,211585755,798297939,3703942417,
432,576,1090,12961,39066,82346,278026,856324,3399619,15959833,58760502,183631104,618300569,2957798157,
432,576,1096,13049,39250,84470,289636,878028,3458153,16571788,62332873,191896783,622371866,2994977483,
432,576,1226,15808,49695,108981,403620,1290449,4643059,20090007,72977983,232861724,828331648,4071070998,
432,576,1220,15487,48866,106271,384778,1228604,4665139,21048331,77317268,246559887,843821163,3926087483,
432,576,1150,14622,45678,99433,361635,1140630,4075055,17329776,63537603,212628009,782072950,3778961550,
432,576,1230,15721,49784,112925,421865,1335686,4738819,20075284,73521278,249453330,914172424,4277857651,
432,576,1207,15035,47065,110761,428020,1324334,4382882,17157565,60892762,216496898,808516156,3590845168,
432,576,1116,14112,44150,97442,358085,1125079,3969614,16600887,60767334,208045323,771192033,3624761654,
432,576,1260,16420,52132,121039,463989,1473033,5149380,21275511,76767087,265005902,982929497,4501018595,
432,576,1160,14575,45792,99812,361653,1138751,4146336,17858498,65363601,219046279,791766072,3695054672,
432,576,1236,15714,49750,113012,421545,1337174,4825012,20504175,74880354,254083728,917746373,4162969157,
432,576,1068,12414,37066,79137,268167,820755,3241644,14943207,55596359,179263339,627011471,3058397911,
432,576,1069,12737,38020,81842,278686,848273,3285926,15070042,55943154,181767032,634882520,3038168160,
432,576,1146,14511,45790,99512,359589,1133603,4050856,17291994,63864368,214143706,783013930,3788356475,
432,576,1222,15709,49687,112096,417015,1325169,4705941,19937342,72874893,246308540,903386537,4237412417,
432,576,1145,13978,43094,92947,320931,1002081,3961356,18449722,67428034,206683489,703904130,3544557883,
432,576,1186,14815,45921,101956,364190,1135438,4317731,19707830,71905022,219098117,738726615,3737155044,
432,576,1216,15684,49758,109453,403519,1292257,4692786,20746433,76212795,240878721,845431186,4226408332,
432,576,1132,14004,43375,96913,353605,1090523,3720981,14620427,50746946,176408028,666162650,2983472023,
432,576,1191,15084,47434,109757,407104,1261701,4358692,17696633,63886863,226222948,869623874,4073515742,
432,576,1271,16427,52507,122530,471072,1486729,5197475,21554257,78445367,279417512,1068611592,4987218136,
432,576,1134,14020,43442,98657,366983,1129839,3850985,15119327,53359883,191204223,726161253,3189826496,
432,576,1273,16587,52539,121543,468485,1486255,5231780,22138245,79660976,264194501,965736737,4683871542,
432,576,1231,15472,47801,113736,442371,1360260,4622629,18605257,67423184,242532269,894548397,3923752321,
432,576,1139,14127,43522,98065,367814,1126370,3764305,14624144,51438377,184311579,692026632,2976853932,
432,576,1289,16574,52315,125397,487178,1517488,5432593,23103695,84453095,288388306,1049130082,4928258877,
432,576,1225,15667,49550,113338,423582,1318230,4743712,20101903,73050287,251817136,923207076,4201986651,
432,576,1181,14820,46190,107507,417668,1297019,4261999,16673556,59338001,212618050,795843773,3469171807,
432,576,1230,15338,47457,113253,438652,1347050,4641773,18798415,68029482,243000515,894849565,3939688072,
432,576,1126,13930,43200,98065,368159,1131467,3864235,15337939,54513620,195643039,729580718,3108137621,
432,576,1295,16435,51775,119765,455831,1427742,4987592,21119341,75934347,253898504,944924322,4587931494,
432,576,1215,15409,48004,112967,433713,1338322,4480335,18021168,65163306,230760490,853430959,3770470660,
432,576,1211,15380,48155,113089,432482,1336397,4481836,18064054,65463679,231553828,855081288,3788411184,
432,576,1293,16797,53424,124087,473578,1498167,5299201,22267818,79945537,268965980,1006727023,4884436677,
432,576,1292,16808,53407,123977,470996,1498728,5406714,22571292,80424106,274504473,1036472185,4955448898,
432,576,1224,15584,49183,111380,408529,1293954,4692335,19451080,69750655,240736825,907699334,4287496212,
432,576,1291,17257,55096,130572,514727,1624156,5519874,23007260,83655221,284988016,1065492103,5156610722,
432,576,1298,17248,54998,133597,527154,1652465,5631108,23319506,85583064,299295873,1126589432,5349511590,
432,576,1282,16782,53554,125233,480150,1508994,5326379,22497809,81485778,280082892,1058001925,5047613209,
432,576,1308,17429,56034,132243,515077,1651582,5836345,24908511,91027791,306029091,1146746959,5764821742,
432,576,1252,16590,52563,122436,475645,1498531,5281673,22430898,81603861,275443017,1005279791,4828503145,
432,576,1321,17299,54661,134223,534232,1670606,5728136,23693519,87742994,313907148,1186670930,5564836103,
432,576,1310,17309,54818,133266,530866,1671673,5779608,23985008,88136992,309196014,1158814384,5493175080,
432,576,1246,15734,48319,117703,456341,1390485,4772811,19526816,71617930,258474962,960016547,4280477132,
432,576,1311,17015,53179,129258,496641,1537433,5533237,23948881,88668141,305027018,1147449388,5700903547,
432,576,1246,15713,48421,117185,456847,1396871,4778321,19552909,71967406,261775470,977811095,4330251574,
432,576,1270,16187,51300,116967,433075,1360145,4979205,22058135,80876972,267498193,994789848,5057236923,
432,576,1209,15152,47363,107543,389467,1219183,4732587,21670451,80487306,260834314,920363858,4573686586,
432,576,1089,12714,38190,81567,281594,857774,3426044,16086546,60350369,200923972,730664820,3628865249,
432,576,1140,14095,43340,99116,366272,1128187,3936907,15959120,56624304,199671799,749008520,3316750970,
432,576,1277,16541,52288,124944,482144,1509190,5342544,22380376,81459591,283474422,1049201348,4830547696,
432,576,1175,14791,46292,108520,421032,1296795,4341436,17221922,60984915,216494470,803589585,3503315723,
432,576,1270,16204,51215,118514,440131,1374168,4973724,22019335,81851750,277851723,1034739179,5110313350,
432,576,1224,15383,47820,112736,439019,1359515,4620630,18632957,67561949,242339784,891809094,3868718679,
432,576,1206,15147,47613,110801,428332,1330846,4568480,18653330,67087181,235939794,866227046,3810547796,
432,576,1064,12381,37119,78756,261803,796064,3096114,13762534,50218355,165139785,585381111,2749682906,
432,576,1164,13992,42985,93945,318166,988122,3982810,18268193,66602510,209403878,720293598,3520626591,
432,576,1082,12699,38209,82406,276304,829688,3197847,14305279,51660047,167801873,589814338,2742296684,
432,576,1126,13035,38904,84025,284394,859889,3477808,16219605,59028930,184155497,620779140,2931949679,
432,576,1278,16671,53714,123655,468661,1490368,5395392,23426140,85684996,286909058,1055024094,5100521624,
432,576,1221,15649,49792,111415,417559,1314969,4664911,19791641,71423232,243364285,899713025,4135128783,
432,576,1291,16388,51554,117797,434346,1378500,5187224,22945696,83826072,273796411,963298042,4540654190,
432,576,1225,15430,48996,107134,379859,1210637,4663550,21262585,78054943,249039833,852281249,3961495341,
432,576,1088,12993,39363,84071,295055,898453,3575413,17270502,64859490,199962603,647794111,3060266816,
432,576,1088,13004,39368,83795,291514,894156,3527443,16520882,61536220,196494985,663362962,3070259238,
432,576,1079,13087,39637,83914,290532,893438,3494596,16261439,59761466,186599932,640482261,3120920440,
432,576,1233,15603,49305,114124,420005,1306313,4681579,19525195,70498806,245190675,912723671,4155035043,
432,576,1141,14137,43493,99101,364941,1121232,3834301,15047855,52949240,188745925,708541790,3052873080,
432,576,1236,15685,49126,114864,422608,1320323,4769207,19825410,71519597,248689617,929360690,4277471324,
432,576,1133,14136,43397,98100,362740,1113724,3781438,14965638,52790483,187736543,704796328,3051916256,
432,576,1230,15600,49397,113518,415820,1293653,4569302,19126562,69359601,240616105,897936047,4173213795,
432,576,1217,15428,48183,111826,417990,1306242,4642210,19520167,70763164,243564031,910559219,4233226436,
432,576,1127,13948,42880,97522,359043,1107071,3846020,15358559,53730841,190000772,711727037,3062793381,
432,576,1213,15305,48276,110990,412839,1293940,4584585,19189459,69473684,240089878,898984718,4174377326,
432,576,1301,16634,52369,123760,475078,1506791,5386564,22738860,82312765,275930597,1013450949,4936198766,
432,576,1234,15704,49530,113374,419767,1314301,4696697,20003160,73135970,247495831,896200678,4203829905,
432,576,1073,12783,38251,82679,288291,864008,3321409,15316760,56895955,184441518,636720387,3045924574,
432,576,1286,16482,52470,123910,473600,1485857,5227401,22280481,81876997,277176198,998405678,4706575086,
432,576,1248,15706,49414,114110,421681,1309871,4703142,20025752,73133007,246600635,879705262,3982078413,
432,576,1073,12741,38159,81639,277459,839294,3252225,14459577,52179964,169310309,594981643,2777189799,
432,576,1221,15566,48538,115070,439189,1347618,4569625,18685094,67746615,237347419,875622456,3955391408,
432,576,1293,16635,52229,123218,470077,1487589,5247541,21685966,78503781,275234874,1043498895,4964325319,
432,576,1283,16549,52217,123026,470291,1479335,5182292,21572922,78401551,271734714,1016287193,4755824794,
432,576,1247,15739,48382,115788,448248,1386340,4788994,19556150,70812402,250789803,929455990,4174095815,
432,576,1167,14800,46347,102224,373457,1168469,4369304,19970534,73421232,226800755,768497654,3826651654,
432,576,1271,16520,52215,122687,469141,1473064,5150685,21697580,79108343,269262611,986033767,4625777059,
432,576,1282,16556,52207,124097,477287,1487742,5192100,21755748,80051817,277037505,1024471430,4799520722,
432,576,1264,16261,51032,117937,440258,1378409,5086260,22750029,84899341,283483738,1038679525,5132621403,
432,576,1175,14860,46263,102661,375107,1173442,4455380,20135333,73874328,233511502,803633547,3910216452,
432,576,1135,14026,43422,94476,337544,1045920,4049192,18901976,70315625,221264937,756193618,3708438738,
432,576,1176,14823,46383,103927,382381,1193619,4514645,20452181,75447295,241441478,839822437,4082606467,
432,576,1128,14024,43446,93899,331133,1025980,4020342,18569860,68668617,219935671,763791328,3674460901,
432,576,1155,14067,43362,93975,335954,1045279,4142299,19713488,73791940,227719600,755811668,3697663622,
432,576,1221,15669,49650,110309,403855,1284434,4764798,21273652,77994260,245170401,850799698,4254982223,
432,576,1236,15706,48856,115012,445134,1387386,4856401,20160724,73320244,257563200,945182009,4209263073,
432,576,1237,15679,48821,113806,441106,1384451,4771091,19413783,69286522,240952167,902603814,4189437465,
432,576,1308,17436,55991,133081,520321,1655401,5840371,24898254,91142551,309515792,1161932346,5753546057,
432,576,1247,16494,52797,122732,477560,1504053,5207976,21806554,79582749,279353084,1064006217,4988895582,
432,576,1226,15731,48560,115033,444003,1383456,4733401,19253821,69537111,245992331,915853674,4136054988,
432,576,1274,16499,52869,122046,475294,1505393,5260752,22332664,80965949,268969882,982239142,4778767021,
432,576,1348,18019,57762,138413,541530,1702122,5971437,25856513,95856339,324504967,1220124447,6162639757,
432,576,1311,17076,53927,125751,480296,1527671,5538733,24172458,88954315,296187838,1079158520,5322556948,
432,576,1281,16492,52429,124194,476395,1488510,5200569,22039888,80957459,277235258,1036119569,4992255399,
432,576,1200,15147,47746,111321,426943,1325487,4455688,18113269,66166788,235387732,873449548,3877184256,
432,576,1212,15189,47521,110698,425065,1318128,4436958,17968194,65248279,232086859,861844878,3825419592,
432,576,1275,16393,51584,119105,451730,1414367,5014909,21245828,75742088,251468009,938694122,4589074599,
432,576,1158,14123,43509,99600,362616,1117264,3930278,16296463,59616104,205842169,754083680,3477625030,
432,576,1196,14876,46650,108635,407848,1267325,4290212,17450844,63812848,223984451,837761818,3938945825,
432,576,1188,14855,46301,110111,413797,1274813,4388004,17812258,65189986,233131967,872417053,4028103155,
432,576,1218,15229,47391,103554,364861,1154448,4501808,20312306,74050438,238492150,866290017,4497249194,
432,576,1209,15171,47211,102782,362222,1140424,4454364,20051864,73203040,236552054,852677093,4337956791,
432,576,1212,15168,47491,103217,363766,1157568,4508620,20527202,75463634,242808772,872019454,4455391257,
432,576,1061,12392,37163,77661,265980,818472,3241884,14937442,55196390,177514932,615340158,2975012961,
432,576,1159,14549,45212,98976,350724,1094935,4025448,17410068,63271148,207440815,746447629,3650487589,
432,576,1049,12428,37060,79050,271815,821370,3261286,15095092,55861896,179199923,620002859,3017865020,
432,576,1162,14517,45379,99132,349543,1096461,4029425,17351810,62905713,204976009,734459405,3602158975,
432,576,1224,15222,47396,103581,364942,1148969,4494953,20455109,75188473,241090743,860133353,4369878769,
432,576,1216,15400,48104,110092,407674,1288589,4608384,19163144,68659761,235163058,890630041,4284996596,
432,576,1137,13964,42839,97089,356260,1101136,3796541,14951416,52428759,186642509,704383248,3074214605,
432,576,1220,15377,48302,110016,409062,1290090,4579332,19103686,68990311,236742985,891373758,4256779394,
432,576,1150,14106,43332,98364,362750,1124651,3919639,15719214,55190158,192907589,723244865,3220584336,
432,576,1285,16269,51164,117153,433459,1377963,5155996,22680259,82520202,274118653,1026666541,5180743073,
432,576,1242,15385,47796,108994,394655,1234124,4751714,21866077,81588916,263129671,949484875,4926744252,
432,576,1205,14827,45939,104697,376641,1168131,4384651,19715250,72758436,232096999,808274429,3959270650,
432,576,1111,13022,38804,85550,293470,895242,3552007,16436345,61990977,206612970,750363415,3752978864,
432,576,1125,13119,39251,86936,295721,888529,3478106,16079006,60404871,193039895,651021830,3099306980,
432,576,1109,13051,38786,83797,292719,889330,3538852,16536241,61464408,199186672,719800639,3692919241,
432,576,1210,15157,47293,105568,381244,1206100,4732938,21652118,79817818,257338794,915761317,4593859015,
432,576,1104,13027,38895,83588,293190,901196,3555881,16535664,61808168,203891330,746702973,3808099029,
432,576,1189,15167,47418,110449,410028,1270053,4422272,17980789,64909997,231120040,893300516,4195009497,
432,576,1128,14009,43094,96976,354925,1092972,3775600,14968011,52175221,182768707,694549797,3100992205,
432,576,1197,14898,46417,109438,409509,1264605,4336915,17338051,62651336,226058864,863798052,3958277043,
432,576,1200,14896,46443,109410,409891,1267012,4366293,17483863,63307510,229115443,877371413,4050506886,
432,576,1214,15312,47233,112419,432256,1339248,4632760,18743686,67507325,240130620,887668325,3896167528,
432,576,1262,15900,49677,112916,421643,1335373,4984138,21912643,80036887,262955827,962622519,4856824887,
432,576,1235,15432,47631,108276,401386,1249482,4808528,22120244,82116820,264291634,945275708,4834615411,
432,576,1245,15831,49706,110896,409898,1300881,4963943,22677583,84039826,265729662,937909847,4905473571,
432,576,1234,15817,49808,111612,413843,1316984,5024512,22885153,85142679,271774767,965940808,5059732914,
432,576,1226,15426,47510,109811,408769,1261771,4848984,22409036,84051861,274692740,987264178,5041174522,
432,576,1227,15806,49858,110785,405613,1287018,4802838,21393855,78260829,247952573,877571393,4536976970,
432,576,1090,12777,38175,80932,282131,869896,3481660,16281011,60923072,203485308,746981663,3704200443,
432,576,1246,15892,49911,111649,411786,1301159,4859424,21647609,79359889,253289503,903837171,4720966710,
432,576,1100,13027,39318,83614,291058,890833,3503971,16429792,61370832,196847245,669417247,3118387286,
432,576,1081,13082,39650,85087,294032,896659,3489467,16242170,60123283,188173473,636773010,3059494878,
432,576,1083,13062,39670,84651,295503,901527,3507498,16788826,63712200,200312016,656579022,3099889476,
432,576,1217,15707,49412,110285,403324,1264727,4583976,20085218,73590843,234771287,810515105,3911810054,
432,576,1151,14381,44201,101416,374453,1146090,3963848,16033525,56985082,199180170,749462459,3397676770,
432,576,1315,17046,53276,128135,489996,1536194,5545067,23741968,87346832,301524639,1142332276,5676759631,
432,576,1308,16974,53490,126418,480211,1505429,5343971,22949103,83936265,283804523,1083158002,5496486108,
432,576,1330,17336,54699,133833,527506,1657363,5725236,23657988,86697265,302079162,1123993001,5350807735,
432,576,1152,14316,44167,94861,333891,1038122,4184286,19603744,72705842,235274646,855113057,4399284255,
432,576,1164,14339,44120,95067,335274,1042733,4170090,19576319,72996957,236440595,855908172,4438574933,
432,576,1240,15836,50441,114287,431102,1367909,5006665,22206688,82394028,276504936,1024622270,5103636662,
432,576,1227,15374,47865,106519,383037,1215197,4733706,21751875,79405801,247096850,887888549,4726840827,
432,576,1113,12960,38954,83378,282571,877543,3509987,16403571,60874677,198116694,723202763,3667928952,
432,576,1268,16590,52608,123695,481107,1524689,5375514,22712948,82573116,285103538,1084086872,5190422689,
432,576,1284,16933,54076,123871,479623,1534869,5437476,23427367,85314621,283298567,1078181892,5613873987,
432,576,1285,16908,53711,126802,493582,1556884,5535961,23783154,88015394,306552701,1175725780,5842453203,
432,576,1291,16930,53779,126647,488072,1527310,5432241,23288165,85254648,294762048,1138650144,5691493777,
432,576,1239,15821,50072,115502,435690,1357251,4987657,22043978,81542259,273111492,1006880969,5044819344,
432,576,1307,16931,53508,128230,495387,1542294,5513778,23725547,87511848,305137376,1161936623,5721624761,
432,576,1289,16810,53628,125380,478919,1494014,5259996,22722401,83120197,285129884,1092887571,5456465449,
432,576,1137,14079,43663,99218,374583,1151168,3960267,16068440,57967336,207482232,775146108,3391327780,
432,576,1242,15688,48538,116772,452403,1381799,4770984,19550434,70957380,252460495,935072515,4182787148,
432,576,1152,14408,44498,101990,380420,1163894,4026522,16246498,57345854,199731872,753368239,3441361790,
432,576,1319,17279,54957,132168,524481,1655926,5735743,23845423,87293255,303908798,1131979789,5321481008,
432,576,1191,14898,46079,108519,419597,1288513,4310401,17174656,61242409,218461977,826558765,3719713818,
432,576,1141,14066,43549,98917,371267,1139050,3869790,15523313,55530563,198186484,745324232,3265142312,
432,576,1226,15541,48690,113523,439234,1360096,4692302,19255825,68658766,238966784,885839222,4028014998,
432,576,1135,14352,44490,101150,370390,1133851,3911864,15754407,55117726,189254556,709371834,3253000336,
432,576,1304,16856,53808,125118,474895,1495235,5316588,22834115,83225763,282174684,1073978625,5428497863,
432,576,1253,15880,50026,115304,432002,1350114,4976266,21978890,80789423,266683391,971683236,4891332558,
432,576,1192,14824,46311,107357,412169,1277907,4292709,17104783,60542111,212233062,797732860,3621855204,
432,576,1311,17207,55111,131274,517867,1632849,5663063,23624688,85505262,291487302,1076354551,5127372923,
432,576,1302,16948,53749,126948,487780,1528539,5415414,23402180,86332446,294225224,1116139277,5660977656,
432,576,1242,15676,48775,114496,441510,1371803,4752658,19453974,69953639,245739702,914798187,4118076151,
432,576,1324,17259,54944,132067,520485,1643321,5715389,23651875,85768458,295163556,1093760315,5160254445,
432,576,1316,16964,53562,126943,489981,1541553,5552855,23977668,88195820,301371460,1138956524,5705878042,
432,576,1298,16896,53862,124884,478120,1503903,5347944,23131335,84455686,282990872,1065912968,5411865998,
432,576,1230,15609,48645,115514,445167,1366157,4678705,19235495,69732058,247192313,911930894,4022176893,
432,576,1075,12803,38276,80903,271919,830438,3256818,14507521,51822143,165593071,587422597,2820634011,
432,576,1209,14888,45999,102667,365900,1140536,4387368,19731468,71734673,223385084,764822670,3797409020,
432,576,1071,12325,37136,78901,261076,796055,3098280,13810339,49989290,163032307,577421070,2709847195,
432,576,1125,13064,39256,85310,289373,872692,3449108,16005954,58917810,183011045,613194691,2961881060,
432,576,1150,14342,44337,100415,369726,1133781,3793805,14857240,52064884,183137178,688246136,3045460073,
432,576,1280,16442,52598,122863,467907,1464213,5083968,21409472,78167276,265792120,972223304,4581469312,
432,576,1232,15691,49435,113415,420913,1309412,4681334,19844404,72424985,244963498,885142575,4132683798,
432,576,1081,12761,38081,82921,287202,861145,3340964,15272538,56519170,183521191,638148383,3047471733,
432,576,1269,16716,53673,121296,457427,1474610,5323276,23102526,83845178,273266948,1025458172,5371533768,
432,576,1209,15664,49828,111832,419653,1327770,4672092,19820991,72536510,245695717,913710955,4409718759,
432,576,1290,16781,53513,122927,463849,1478827,5356538,22621136,81002238,269198779,976223705,4591868244,
432,576,1264,16572,52495,122440,471096,1480826,5194817,21828948,79179444,274375984,1042377747,4991761400,
432,576,1257,16159,51043,118178,441465,1378363,5072795,22485191,82978503,281479061,1047917291,5151744400,
432,576,1265,16469,52457,123148,471514,1471878,5113710,21472733,77932835,268223658,1004581018,4788909844,
432,576,1181,14864,46118,107802,415969,1278923,4238262,16706252,59400936,213019377,798439933,3503340271,
432,576,1280,16487,52621,123337,475307,1491159,5206596,22146465,81460603,276066536,1005355486,4808170437,
432,576,1311,17417,56046,131593,508616,1629000,5750225,24322911,88433445,300098251,1152014092,5879413320,
432,576,1282,16557,52633,121492,468393,1488141,5276737,22151038,80004316,270379818,1012528320,4940336094,
432,576,1227,15535,49219,114571,435256,1353803,4667547,19425101,70652657,243034667,888429515,4031420982,
432,576,1218,15675,48799,115363,444427,1370995,4650830,19041798,69199011,244260205,910487026,4119082453,
432,576,1308,17444,56008,132292,514713,1645574,5791441,24525449,89351751,303291205,1163968903,5960298798,
432,576,1262,16542,52635,123622,482618,1531153,5359407,22632811,82751594,280686716,1039363148,5046558070,
432,576,1218,15625,48864,115347,443060,1365320,4612904,18861855,68551685,241581149,899520887,4094355297,
432,576,1270,16572,52729,122174,474431,1510055,5272562,21802732,78639861,275111632,1058990503,5082447068,
432,576,1358,18094,57571,137905,546275,1737629,6236016,27035034,100090151,345593671,1306934989,6482222210,
432,576,1327,17033,54291,125037,476120,1512118,5564804,24416603,88491480,286513208,1043200178,5311020033,
432,576,1365,18121,57510,139942,550086,1720901,6094225,26423391,98611873,340900248,1278500665,6290509173,
432,576,1359,18111,57621,137780,540106,1706746,6057830,26254121,97090761,332120273,1255387500,6283621793,
