12,13,14,15,16,17,18,19,20,21,22,23,24,25,26,27,28,29,30,31,32,
180,5146,39478,163322,506013,1289145,2862312,6514552,14386705,32628761,76652558,184159965,455128432,1115264690,2735269887,6774199570,16792209244,41522929463,102780115391,253419775876,619381016089,
127,4424,38017,167872,493487,1253930,2934830,6472645,14450051,32368279,75942142,182983172,448913075,1111888861,2745729524,6811804298,16909770065,41826047675,103323481822,254713827080,624484467908,
137,4550,39039,165596,497995,1296197,2894229,6504184,14910042,32903553,76769421,183323505,450402229,1113228507,2753593800,6844656921,17138253931,42528505843,105531781221,260606622448,636901831733,
233,5438,39363,162836,500711,1272654,2887276,6597475,14759872,32934010,76147783,180185368,440408221,1084081657,2677059671,6664435460,16656372986,41326236216,102258588600,251337011365,611198505604,
248,4902,36867,162387,501615,1254389,2892431,6570682,14566114,32015751,73968065,174913854,422455302,1029427957,2511791462,6183631479,15251717316,37605574234,92731240341,227114031792,551422804475,
220,4336,36827,166135,496169,1252119,2925257,6525623,14284863,32038978,74783528,178464051,437840165,1069236739,2625762418,6510984259,16125139355,39897694731,98582722005,242099406839,590026107989,
216,4236,36126,166114,496586,1256613,2944050,6554092,14422169,32238817,74844251,178395508,436248113,1073119197,2645260433,6557964465,16278391370,40370714160,99916848381,245842976349,601151789375,
202,4672,38644,164121,495390,1294378,2849530,6526816,14780010,33135228,78519261,189712701,467071100,1165366810,2884040340,7218106570,18123630492,45078404563,111457667614,274319575876,670160845524,
225,4732,37123,163683,503172,1272616,2924718,6534900,14475419,32225829,75623132,181930575,442144364,1084187035,2657506424,6529957399,16094546882,39656032981,97875336366,241579994881,593242801418,
198,5332,39685,163142,509128,1293261,2864916,6631807,14752131,33327064,78573222,189957609,471411570,1159953618,2855979679,7059481806,17385953856,42671870463,105049767281,258282927465,630377587209,
276,4792,36649,162607,504270,1262857,2891169,6577645,14500913,32313106,75951316,181290083,442524474,1097372262,2714651230,6730602164,16734496414,41415960257,102217003914,251848901261,617337050844,
219,4738,37159,164304,502401,1267898,2927840,6529526,14436448,32121847,74920610,180403712,442050143,1091168972,2688223029,6638175097,16414877394,40457295470,99633552272,244980838433,599190514612,
297,4935,37065,161218,496314,1251106,2886397,6585597,14667341,32713889,75834921,179615616,434402988,1069222483,2658445069,6642901647,16603758725,41186609070,101441558206,248856665756,606603356858,
224,4184,35834,163375,496822,1259174,2918346,6542549,14499157,32597620,75744817,180490805,438682712,1083773796,2684776047,6681340041,16663788717,41214244156,101466056270,249464614802,610507632013,
228,4293,36025,163505,497713,1257177,2922957,6561726,14365999,32270580,74814604,178129796,436005027,1066979696,2633557091,6539807527,16223014248,40130220446,98901100996,242256708925,588575625494,
126,4735,37937,163242,496932,1264271,2919007,6534206,14513996,32431267,75287537,180334833,441330262,1087212918,2686697106,6668190750,16560896423,40998657246,101456327891,250245870565,613309064459,
238,4956,38659,163245,501295,1265856,2859968,6575015,14593849,33209118,78148511,187339662,467454428,1155211948,2878503708,7189429348,17920681102,44424392734,109991185292,271579145365,666977170428,
308,4977,36747,162488,503424,1250362,2886690,6576437,14473149,32139445,75247509,179614997,437939322,1078346983,2660552808,6583187635,16285750881,40164167070,98934038468,243039354796,594167700412,
328,5004,36677,162078,497368,1230270,2914804,6557340,14522995,32823228,76665315,183549130,446658254,1095176732,2697643836,6677269524,16540509678,40823989861,100411212586,245798800158,597013862950,
122,4486,38663,166177,493475,1257582,2934784,6529692,14589961,32852978,76429865,182547401,444985970,1096706571,2699561044,6687442000,16618430922,41006692232,100837369630,247563004552,604215688342,
278,4685,36224,162737,504298,1248210,2869280,6539114,14512609,32554883,76442277,182728526,444636948,1096982188,2706808263,6698985083,16600407897,40947129331,100838232686,247868725497,606195937975,
256,4538,36550,163285,500458,1242870,2869682,6497083,14454142,32873417,77719308,187727051,460131420,1136559974,2834970298,7087940453,17696448770,43968233906,108674239846,267679414619,655936046242,
210,3685,34614,165614,497912,1232344,2886260,6483892,14409985,32653514,76648100,181831416,441706181,1079389879,2656086054,6584829794,16358431216,40591914238,100313558953,246310839470,600318502451,
108,4278,37552,165814,496054,1236961,2898058,6468083,14378860,32921952,77487041,185733855,452659225,1104257279,2702088597,6674645786,16534084288,40912027361,101126184371,248534772983,605766468549,
358,4875,35888,162763,500068,1241637,2874862,6599287,14537020,32030674,74714475,177034758,426699934,1039424273,2534779451,6200168248,15217972681,37420493220,92095938773,226001335958,550610843800,
212,3805,35382,165771,498375,1241031,2912252,6547682,14339983,32391493,76030331,180210934,441108225,1079220133,2646707511,6543049297,16195452794,40050602644,98835881498,242552428845,590390428829,
132,4002,36737,165396,493593,1245519,2889851,6499717,14595947,32687410,76574824,183245652,442556719,1084892241,2662130823,6563658083,16294745059,40376228804,99832503003,246279527679,603484945861,
118,4380,37905,166004,493829,1241805,2921157,6521688,14606855,33371101,78259966,187381566,457825582,1129227264,2790090631,6947852311,17364466240,43188569518,107164373086,265253308470,652356284364,
322,4894,37199,165512,504131,1254489,2868173,6460136,14497400,32440663,76587558,184662640,447189702,1099870103,2692520910,6577420941,16181121607,39709434733,97089055826,237235271218,577216033351,
198,4804,37993,165302,499897,1248356,2870324,6506797,14572798,32626039,76581125,183580260,444893493,1097388276,2698528993,6619696608,16299332535,39954865957,97585460836,238448852191,580946717615,
142,4883,38769,163882,495600,1250854,2899370,6550168,14484846,32499518,76159377,181587066,442385114,1088927122,2669409354,6565906326,16144825453,39397218938,95943479496,233854337506,568842476551,
219,4660,38414,168073,499032,1257068,2928866,6533899,14496538,32473518,75686438,180432132,438263757,1078500118,2651876496,6552810941,16193958640,39646706767,96669794208,235475441054,571361455019,
163,4784,38988,166086,493033,1240585,2911069,6478925,14530722,32675217,74598829,176978087,422869505,1022704767,2508999802,6193634912,15372300127,38073827513,93906459789,229959606159,557680857273,
222,4605,37619,167138,499055,1244899,2877828,6411400,14260104,32266729,74626614,178098226,428081505,1037510686,2532894362,6211337501,15257548397,37446664392,91882355587,224817762881,547459546940,
146,4566,38134,166017,496000,1248575,2890948,6462358,14527612,32400217,75207751,179939223,432619480,1059060001,2615569337,6469246779,16092275758,39996693198,98870127791,243025040702,593073896527,
114,4020,37282,170353,498648,1235186,2890420,6533872,14450233,32870113,76000316,180053768,436242836,1065880347,2646016123,6624663638,16542074505,41167544526,101921326522,250056938777,610211290994,
98,3754,37607,172484,499319,1244148,2908443,6503804,14300939,32574046,74567562,176462430,429533100,1042668316,2578044493,6431082273,15983790853,39737248797,98229160366,240976004124,587594486806,
124,4201,38615,169373,487467,1233489,2928195,6414850,14098827,32226710,73766543,175375332,424070595,1020391546,2477105288,6087106696,15019387864,37066354797,91418063738,224056547029,545305731439,
116,4804,38962,164539,491132,1245857,2884517,6458549,14544591,32612928,75840904,181981863,443119342,1095766257,2733877191,6840638070,17088901080,42361852751,104124242122,254821383859,621739587458,
140,5079,39764,164159,492566,1241975,2921868,6519373,14510640,32948431,75536601,179652847,436820256,1071542415,2656869003,6639017180,16555810361,40847797085,100262817682,245284713750,597878967354,
276,4739,36772,165152,505119,1249602,2906844,6585506,14556403,32561051,75339846,178547280,434506068,1072469862,2679011859,6725593354,16768254588,41504681885,102228449967,250773383532,613530196091,
276,4823,37072,165551,505540,1254658,2925751,6605406,14505407,32213423,74170171,176054285,428352109,1055307214,2626813202,6565270350,16291310142,40223213225,99079770269,243087991316,594268507678,
172,4535,37302,165696,497296,1241719,2893058,6495669,14318321,32234006,74534321,177574709,429218802,1044072948,2561948273,6311690817,15540404343,38274970789,94036954389,230077318041,560091552221,
116,4008,37126,168645,494712,1257133,2902376,6454064,14470721,32483443,74935824,179255769,434282644,1067414054,2648689103,6602902055,16428526980,40713641670,100218706799,245271263761,597388168084,
291,5103,38366,165143,499657,1260328,2924282,6549515,14589944,32545008,74900691,178645295,433787491,1069087303,2652478105,6603113216,16410979107,40491585132,99481683333,243603466163,593590877659,
116,4775,38850,164481,492521,1252842,2911672,6500560,14464693,32137964,74044063,177176762,430151798,1054363856,2604307469,6453159462,15972797262,39309567347,96172259731,234337065812,568936539778,
122,4160,37952,169178,493797,1266830,2916735,6441030,14423588,32135734,74116721,178797936,435738231,1076666826,2679894625,6684710016,16669181562,41410662676,102196075873,250897599869,612757366102,
287,4682,37071,166185,499764,1255404,2921210,6510669,14380347,32275695,73709847,173355761,414377106,1005759695,2466542849,6098941594,15132265035,37354736342,91633726428,223438181177,541082328774,
124,3877,37140,170373,497268,1243079,2879913,6398766,14101405,32044874,73912052,174853589,420701158,1010426938,2468462728,6074428227,14949669456,36976038061,91060066639,222827152373,541975649776,
143,4878,38672,164939,497247,1254164,2883545,6490860,14599376,32657415,76236561,183697219,446517564,1106168170,2755136266,6860500429,17091328009,42345049716,104148538560,255063731776,622460684581,
232,4686,37424,165990,502492,1252065,2883379,6455717,14406427,32015441,74233166,177210876,425776163,1038447591,2549011527,6267069028,15518221761,38393809714,94488678804,231373013821,562278282571,
126,3889,37056,170279,498019,1242501,2879287,6415001,14179125,32291915,74923575,178479169,431757749,1044843390,2575057638,6386014960,15792474671,39131346002,96481217752,236667840867,577461427531,
284,4690,37381,167083,498927,1249572,2911911,6511544,14498000,32632204,75130250,178507005,428819808,1045968615,2585347075,6422860523,16004376109,39719632269,97877386703,239793147246,583948977819,
180,4720,38208,165594,495318,1257077,2915625,6465266,14260634,31964895,73811507,176028689,425298622,1033782138,2533001746,6240082212,15363215097,37711857556,92468470504,226118642306,550292688218,
224,4256,36428,168638,498658,1228039,2906916,6533267,14362460,32566071,74494654,175762083,425770965,1036904361,2564623798,6411235508,15972767017,39641415227,98050528222,240331971149,585405440423,
228,4944,38134,165564,497100,1235587,2904632,6522580,14608603,32679820,74984875,177736960,427356238,1048323197,2604877804,6525909945,16365991807,40733064064,100539186985,246500231249,600393996492,
216,4664,36560,165115,502779,1236817,2919276,6601184,14614720,32414347,74479396,174823944,420700913,1033897845,2567604221,6429810499,16086586550,39953216231,98509264609,241091706459,586335914311,
271,4630,36962,165932,502469,1266528,2921399,6510280,14324926,31933078,73665956,175820355,428058007,1058628536,2623379170,6539277421,16346441879,40632084513,100299966539,246197989834,600263644358,
128,3908,37250,171074,499216,1244806,2894274,6484715,14251518,32203703,73940731,174434690,419289687,1010415727,2482707596,6147569149,15213820580,37691089294,92772261552,226529151258,549076766565,
114,4691,38188,164490,493830,1225139,2894856,6470975,14392539,32677298,75660195,180642608,438115650,1067179516,2633133654,6536795955,16204257479,40083108087,98786896478,242327265114,592029606203,
116,4044,37520,169233,492719,1256422,2899138,6401475,14358876,32112334,73336196,174252594,418424720,1016211435,2497580313,6184288140,15333212258,37965277258,93238642040,226913524785,548340616617,
200,4942,38649,165644,496259,1250316,2891760,6524966,14489600,32474566,74571801,177096858,425109784,1033513569,2546447467,6301629560,15588386206,38376886652,93909535659,228733222209,554151020230,
124,4015,37632,170393,498784,1254790,2873778,6392511,14248969,32096432,74560183,179110431,432921637,1059609860,2629122880,6534013760,16301305518,40599870505,100274904100,246142957889,600262548603,
179,4685,38018,164727,496971,1258672,2891097,6482812,14444185,32308859,74563218,177906578,430008416,1059286079,2621936585,6512017408,16197735853,40055015927,98415700337,240501564599,584161170622,
226,5480,39750,163665,505470,1263166,2842503,6668228,14668735,33154693,78762689,189424477,466934146,1173804187,2924075147,7332607063,18319425434,45233721321,110634633998,269354166831,653075092799,
214,4223,36514,167963,508353,1250104,2892473,6519617,14344631,32159347,76464638,184653904,452780215,1125350589,2797825539,6960066701,17234848122,42388580150,103847493831,254053899968,620610051113,
134,4540,38134,167442,505703,1255707,2888320,6554434,14593631,32845467,77239528,185072834,453881665,1126200039,2802894381,7008035147,17431284604,42954109848,105101083756,255760561118,620400637041,
118,4162,38374,171171,501897,1254732,2862618,6420765,14260388,32064266,75055523,179752976,434219029,1062391783,2590872686,6327877629,15529816312,37967584155,92473179288,225237699130,547214682215,
100,4147,36948,166383,502496,1239705,2887802,6525838,14347941,32296767,75600418,179747325,433966056,1050691042,2550774877,6202873348,15079492808,36636428993,89218585704,217393197943,528784108418,
334,5652,38068,161143,503304,1242089,2839335,6590753,14754386,33297462,78320572,186501333,456254846,1127732970,2788334671,6906944879,17066649860,41670827776,101283333761,246020422984,596059831547,
117,4518,38415,167065,499147,1240055,2900309,6591023,14546029,32878545,76935046,180713299,434236631,1058702813,2576273709,6301937473,15505501856,37849525491,91989614665,223289777027,540100557134,
108,4286,38673,170384,495478,1241775,2906503,6523531,14490459,32653030,75490781,180513602,439925815,1065891962,2608391024,6389163978,15557507719,37888201698,92108226735,223299488425,541085415948,
331,5699,38230,160643,503655,1249283,2866916,6586405,14550499,32727376,75360657,177126101,429022430,1035400600,2492051955,6038421995,14612468087,35041632057,84048681982,201983282742,485018605159,
328,5656,38517,162276,502957,1243956,2833263,6545385,14527134,32550447,76099215,177769970,424598643,1016263361,2410585045,5763873677,13895900845,33392577538,80570953446,195241903525,471565844288,
226,5508,39559,162315,507476,1271885,2814980,6508765,14211853,31916854,74969193,177779104,427011946,1025876345,2420848739,5795315408,13917916515,33405248495,80560023821,194461944471,467019174831,
227,4544,36972,166256,503455,1249688,2909510,6578107,14529029,32405851,75162867,175503869,413832931,995166022,2388967058,5749651355,13957117662,33758390377,81531168749,197269867215,475838828595,
325,5659,38415,161607,503877,1242655,2839849,6512150,14406581,32533181,75419727,177494278,425834355,1017016095,2428227562,5854348449,14168094254,34117505218,82311267712,198521739812,476603524636,
236,4723,37395,164726,500073,1256362,2891019,6496697,14395941,32183288,75905656,180251147,433727436,1068760208,2618760777,6443508509,15978752531,39357037406,96427397953,235613503983,572000037494,
210,4693,37649,165428,505527,1248689,2908671,6509550,13991436,31073989,72520232,169365729,402890207,959278481,2263399196,5363955471,12780315626,30509968702,73128025193,175472141098,419245618589,
160,4797,38191,166121,499492,1229995,2888518,6560909,14436093,32036123,74760075,174279650,411339857,996369949,2415173337,5871851453,14339980572,34733420666,83665720769,201410465859,484540332937,
307,4868,37202,163289,506775,1266810,2880231,6503705,14201522,31369041,72810382,169479147,402256641,962573628,2274336570,5394889868,12899694357,30803168810,73714118260,176705577090,421794323066,
267,4966,38272,166114,501688,1228733,2838627,6384128,14109855,31712452,74442345,175899418,414374174,991022902,2377900393,5706534333,13840741921,33575348652,81228762865,196606499587,474087650674,
272,5067,37823,164451,498411,1227823,2850879,6366429,14183550,31934357,75152951,178196079,427424481,1046285738,2561551848,6308075396,15618111669,38373320153,94064693135,230363736123,560367190186,
264,4835,36919,162833,505489,1273996,2941412,6590779,14262865,31335818,72236703,168798500,403930030,969929885,2315633417,5533925155,13275340514,31806625083,76331456556,183200235181,437967340070,
267,4914,37461,163189,502125,1270965,2929604,6544038,14371153,31889166,74028855,175144279,422687561,1030458400,2511589207,6150007319,15155914750,37199691684,90862254122,221006287113,533722142352,
282,5251,38796,164025,502084,1262515,2909640,6491664,14303339,32152352,75563561,180922054,442159337,1088654479,2688479421,6655219213,16427317373,40279327248,98460216207,240305027907,585192843426,
129,4640,38856,167420,498219,1246268,2916402,6555333,14627066,32902632,76683725,182659484,441793604,1088946375,2686378120,6620019017,16303697762,39769428841,96350577922,233141094916,563708847257,
102,3893,37680,170057,500659,1253891,2888262,6521556,14431257,32140466,75017245,176902566,423218482,1023274303,2488874912,6078370505,14850307577,36284870263,88201597064,212922451100,513267471775,
210,4397,36380,165913,506276,1245457,2901654,6513755,14272032,32137052,76000828,180652989,437327923,1069647257,2611628529,6409903006,15731609956,38487202276,93944601989,228905508373,556355692875,
212,4226,37538,168852,496420,1254154,2912679,6554151,14510271,32500067,75846693,178587408,429467509,1042913589,2521435050,6121664974,14991487238,36605802214,88989696204,216270383724,522805959240,
212,4395,36403,166365,504350,1238627,2897376,6507796,14277457,31988431,75399802,178524320,428527260,1041561725,2524295750,6144220149,14993330213,36584717246,89309862609,217800651863,529370846394,
80,3913,37980,169144,499334,1250917,2871610,6451937,14339995,31948223,75325302,179041208,431807177,1051281571,2539646449,6177666254,15088041675,36728760607,89365109957,217103904117,525626677446,
224,4838,38274,165050,500449,1259892,2905865,6567032,14633878,32836664,76900418,183448312,446192786,1097533089,2707138264,6701599917,16603470678,40896481004,100259941090,245075481078,596667624935,
131,4388,38834,169498,494406,1260278,2906621,6481136,14556791,32898479,76866471,185276188,448527614,1103716358,2736060488,6793835074,16895973063,41666495952,101954613535,248407580951,603321572960,
122,4254,37862,168398,497000,1254476,2876927,6457885,14410874,32395494,75906395,182477370,440872690,1077541010,2639685749,6463547287,15857126300,38708162330,94080382958,228624136560,554776547196,
259,4979,37685,164189,502493,1259487,2893536,6534029,14616727,32968640,77635730,186435466,457292480,1136047888,2811006576,6966875432,17194032287,41973512443,102118202529,248466369478,603635842498,
140,4156,36068,164208,500795,1240734,2897152,6570867,14518473,32710603,76361899,180627464,438444508,1069368244,2616275739,6422573386,15703089131,38259052776,93190531818,227215895795,553481580312,
257,4496,36475,165931,500830,1236078,2863799,6469739,14384683,32433780,76960992,184150459,446306052,1102007168,2708976975,6677379622,16529347767,40544144220,98903751365,241166022814,586473370985,
218,4638,36639,164374,504324,1252598,2913508,6536888,14355321,32041960,74104311,175031879,419949879,1019080669,2477166187,6039420708,14745605919,35778406243,86509534285,209240453602,505658169034,
138,4518,38727,165116,493995,1291083,2905169,6480986,14635658,32480717,74200556,175892662,423819281,1028986660,2501262051,6123745582,15142773597,37343475309,91640042598,223433607924,538930903020,
232,4584,37707,165131,494823,1248578,2854485,6471191,14391600,32750034,75775723,179201483,434510365,1046649863,2538392092,6221522640,15316541936,37633765912,92687032491,227598214065,553737028569,
168,4660,39144,166180,490873,1271010,2885203,6393771,14350499,32493222,73961371,174677241,419399267,991279072,2348038376,5626434834,13513745874,32393090475,77979854976,187980745168,450159129533,
176,4920,38291,163154,497854,1250335,2863099,6495007,14538722,32744856,75620905,178333688,429966406,1034856591,2504514011,6139000010,15145732638,37339838643,92030381472,225563725028,547427124072,
162,4822,38911,164046,503171,1281828,2897651,6547848,14566023,32770196,75479747,178313756,432816882,1048686569,2527142388,6138002641,15058442776,36971201950,90768258464,221889693132,536849840386,
176,5170,38781,163362,502794,1261140,2888100,6457667,14464649,32371925,74468164,176267058,424380873,1009196476,2403860954,5761423822,13725570160,32786616145,78810061878,189611753997,454895157523,
191,5074,39145,163578,494991,1253997,2839537,6403486,14569099,32917934,75831461,179630822,432829324,1044160210,2537057646,6225221067,15352918929,37719530009,92645677238,226486349299,548658641622,
209,4628,38320,164603,492857,1267094,2847178,6487902,14733043,33022320,75879937,179308513,431739718,1043371844,2519845164,6142004936,15138739812,37241727001,91425539605,223361018907,539349061990,
141,4328,38448,165662,496903,1282312,2912695,6467233,14513323,32474976,74605042,176163273,427775240,1038660315,2518332014,6162212192,15210340910,37422493914,91754692419,223766611697,539756120730,
136,4752,38733,165113,500751,1243645,2831608,6408031,14442503,32797261,76221860,180469121,436280951,1051215632,2551064328,6257723442,15391428024,37841027250,93182297117,228378922974,554572041448,
170,4624,38886,163586,494630,1280072,2932977,6482465,14548617,32578073,74797878,177130673,431292793,1049994391,2537151666,6144571411,14937099629,35961061683,86379610949,208558071988,501970272567,
156,4762,39201,164288,500193,1285350,2918503,6494873,14617441,32530646,74912278,177461984,430190187,1049336806,2551783747,6245011776,15422346124,37929558284,93046962479,227565578806,551603199833,
202,5360,39147,162064,497457,1249115,2851383,6457883,14628292,32818823,75395189,179319358,434056093,1044960856,2544779711,6207508168,15160219033,36984528241,90433789806,220751200768,534906409730,
244,5292,38976,163558,502914,1269174,2892199,6546346,14642269,32987277,76928885,183629208,450159574,1103776554,2696056965,6619311093,16352396232,40295438414,99283708416,244161749889,595204437822,
198,5410,39075,161172,503150,1281169,2882694,6563291,14742031,32643309,75536854,178051681,432520138,1054123097,2560350232,6272429211,15422560694,37809028960,92504610556,225280348767,543875154137,
141,4384,38908,167078,492918,1262415,2833968,6389510,14413639,32894133,75981984,180808389,441362957,1068665333,2610498075,6448004977,15939441652,39342457017,97157949435,239319034506,583942181536,
170,4519,37963,163594,500487,1262080,2882724,6480030,14422571,32432473,74734226,176786629,428264846,1029225027,2485618713,6037965241,14639008648,35298491666,85140442277,205483993374,494292709361,
165,4734,38456,164572,492305,1259638,2881379,6487355,14526039,32754243,74964332,178193480,431941762,1040812182,2523819511,6173432062,15173408292,37201070767,91346779055,223608914683,542733288305,
90,3968,37742,170520,489718,1221430,2890245,6434939,14194632,32827227,76193457,180500862,441660373,1071185785,2623317812,6499625320,16031236388,39428350688,96915576007,237566313176,580952405177,
118,4434,39445,170742,488967,1240524,2910370,6470887,14389355,32994601,75785747,179340148,439337981,1066683975,2606548500,6457648834,15920274918,38956808013,95147619595,231413910763,560848175307,
216,4325,36870,167493,503980,1250421,2879917,6477365,14437268,32449251,75656192,180139895,435735787,1068018464,2623030691,6462396200,15915416090,39019622837,95437686409,232796369582,565930909418,
106,4724,39105,166429,493531,1227399,2904958,6438193,14244782,32425516,75139312,180941576,438672155,1067608367,2612583782,6385501095,15658130831,38366794009,93924708409,229828354864,561486188182,
216,4730,38047,166050,500438,1260100,2908538,6440682,14300794,32293051,75584660,181972211,443255024,1086913520,2673507476,6597928915,16263327131,40008115371,98299346677,241050477268,589168264393,
216,4730,37975,166026,501018,1260429,2903592,6430717,14227223,32021980,74626362,178874654,433550562,1057456729,2584417701,6326615811,15474867399,37826995574,92516829331,226206686533,551764322755,
208,4290,36559,166548,502807,1262529,2899156,6470140,14344116,32353794,75296554,179408204,433855290,1061656399,2605402839,6415888428,15800011594,38749537369,94769381448,231301858035,562522783553,
200,4066,35756,166550,502910,1251523,2900088,6473304,14162741,32164030,74541989,175819882,425075863,1030477940,2521336469,6223044084,15292598262,37550333297,92139480045,225394065729,549706032055,
234,4802,36610,162986,500880,1249236,2921499,6648469,14679609,32537436,74743393,174816112,415037230,993435008,2393301748,5807536014,14086200091,34113890733,82493971207,198895081826,477522579104,
167,4701,38272,165089,499221,1257112,2906174,6522534,14453816,32090656,73385050,172009014,406618887,964214991,2292381732,5462158855,13111659745,31478035157,75585601991,181700058268,434516040018,
136,4310,37302,165324,501896,1255232,2907325,6492630,14267921,32003159,74133390,174310635,415743921,988911628,2351898816,5618218496,13422515015,32208545075,77630788587,186948544818,448911777364,
154,4441,37054,164833,503510,1252728,2909642,6586278,14407051,31980697,73215476,170841547,405595022,961313172,2291089174,5486615388,13134591227,31482279504,75774871668,182580635393,438317672347,
119,3888,36639,166186,496052,1241437,2882272,6498485,14459927,32527292,76411480,181106376,437207671,1072335582,2631386515,6501899708,16106865000,39573577897,96911826371,237003594866,576418252782,
204,5064,38336,162010,502841,1274231,2899778,6553472,14534593,32343405,74190618,175824848,426255350,1024015380,2460164892,5966444887,14488303948,35227836590,86200824352,210433258824,509621367561,
138,4262,38225,167438,496681,1268062,2882174,6419961,14318877,32735651,75523782,180321637,441489135,1066041165,2594749148,6387249870,15692665969,38545273507,94991826267,233468521291,569073663225,
210,4831,38436,164419,495914,1268428,2883775,6494600,14370254,32105211,73862465,175155880,422431453,1007236436,2411334434,5840816814,14240323390,34796550809,85425454921,208651806153,504200276143,
149,4444,38740,165672,496627,1269270,2917149,6477084,14543026,32662061,74762907,176844057,428832439,1034760860,2475980634,5970429249,14605352622,35727174636,87448876009,213382001080,514058785157,
249,5244,38614,162878,502853,1268786,2866285,6537434,14595843,32533398,74697397,174737428,421415468,1019071004,2458031550,5996703719,14732722295,36129278674,88411064643,215149560743,519071056868,
205,5114,39107,163852,501601,1265732,2869421,6425712,14501517,32675084,75773698,181338143,441891853,1069627440,2587792738,6308124912,15379970946,37523235635,92072561359,225473076746,548109596792,
188,4370,37647,165480,492641,1274244,2871364,6480375,14540975,32409141,74237364,173898569,419415365,1015265157,2450832627,5969096700,14670100935,35908196760,87587243884,212708071931,511676225338,
190,4942,38832,164624,497009,1238698,2832469,6358766,14399495,32626664,74891403,176595449,421097079,1002367538,2404040441,5821937702,14246528045,34880821630,85446752029,208498368930,503283156020,
201,4886,38315,163322,504324,1291344,2899428,6568011,14579979,32360210,74226044,174090858,418770839,1002880487,2378902401,5669972528,13574311958,32409029084,77778367064,187594841862,450919207939,
206,5064,38892,163762,497528,1261730,2853511,6505196,14616643,32692805,75221541,175432912,419337851,1003872046,2387983555,5680830540,13625327521,32596252043,78290981396,189169808980,455177118221,
132,4143,37779,166653,494226,1259684,2858715,6490813,14452674,32625975,75536450,178955812,434519352,1047731094,2537417765,6197397786,15239649412,37453564936,92076252199,225158355997,544815633301,
136,4776,38926,165550,502311,1258754,2865209,6390692,14378643,32530057,75468587,179979467,435343512,1042668132,2503591016,6078161635,14851945913,36425135857,89762461232,220186243357,533999173634,
194,5142,38691,163143,495105,1239282,2855410,6447508,14523371,32736227,74982461,176759452,423768601,1013972209,2448569816,5968744721,14628788479,35798879999,87617603860,213461881980,514767688633,
134,4272,38527,167574,493396,1258082,2847990,6383738,14341225,32733144,75211113,178414238,432681710,1037999201,2504654062,6127063959,15056518089,36963594586,90929848200,223012253746,541520950483,
204,4169,36498,166103,499954,1237705,2857828,6496697,14294561,32000493,75132281,177221495,426617679,1043305212,2549677411,6249250603,15342381248,37489945946,91327527190,222141875667,538456741629,
122,4270,37986,166346,492719,1256172,2876771,6449395,14374586,32601490,74271026,174039762,419700103,999759828,2400588135,5860959418,14340064771,35097970773,85949759721,209306332871,504607371069,
140,4230,37904,166434,493410,1249442,2851752,6439340,14393596,32850916,76135190,180741765,439941921,1066960691,2602996380,6400862188,15824648337,38954762431,95762578131,234784829874,571042425724,
217,5058,38465,162754,500134,1267598,2854726,6510613,14631161,32537895,74741899,174963051,421503331,1019878799,2463301197,6012098534,14776300272,36217762574,88551571582,215393917515,519492380787,
164,4654,39085,165018,501847,1284396,2908081,6524360,14692758,32766231,75855662,180503131,439350071,1068074749,2580687324,6265878556,15365581136,37699143925,92646930713,227304762655,551866191228,
197,4784,38730,163212,498149,1269250,2893764,6468193,14387233,32179562,73537697,173228701,415834116,985438142,2328519874,5525271220,13175307381,31382857596,75338272286,181814249381,436369684424,
228,4799,38371,164900,493677,1256523,2842718,6456017,14387562,32425059,74367626,174792415,419522530,992712171,2359202640,5665280469,13556898749,32471108091,78110575133,188004423722,450358590723,
188,4822,39029,164403,490519,1269730,2847320,6438440,14712886,32723040,74807731,176952249,423148685,1020032794,2470868748,6026129634,14836015076,36385926434,88873944042,216263981327,521250532412,
123,4228,38882,167784,489367,1264708,2876927,6336669,14259496,32864647,75423246,179758145,437425744,1049515531,2531702962,6196534225,15251161304,37512950990,92210228984,225885705819,547825584733,
133,4322,38901,166890,490638,1271506,2881642,6360232,14266494,32584830,74775769,177585928,429394088,1022663732,2435850323,5883803480,14277728675,34556803509,83526224718,201823082080,483967873997,
148,4467,38223,164625,498305,1254715,2892009,6501476,14536627,32738833,75543127,178791305,433053944,1046068595,2540119389,6212018819,15154372187,36706165154,88801501359,214558841132,516384013200,
170,5148,38867,162541,498200,1251313,2860627,6459401,14655074,32931007,75688836,179885218,435011707,1050031341,2553273656,6240266231,15283042746,37332457630,91311594440,223082652188,541209649304,
116,4285,37274,164722,500622,1243597,2909802,6611817,14391032,31812936,73944312,173721051,415671557,1007942925,2441942625,5907330809,14293347441,34518091923,83443140888,202114462868,489604450502,
200,4251,35298,164049,507946,1244928,2917048,6661220,14519698,32259273,75018333,176015542,421665356,1024766268,2492355879,6070201277,14816012238,36063194998,87648938880,213356837044,519390022571,
216,4335,36937,167593,503763,1254229,2887783,6479383,14450358,32567982,76252880,181958981,441676918,1090235387,2689932697,6660095347,16523175580,40738432467,99914298110,244049079485,593842132124,
128,4652,38694,166728,499719,1259496,2884440,6455141,14376375,31936415,74204859,177082304,429202866,1047937579,2547758442,6198728858,15111965003,36661843443,88736764727,214823322983,519217246571,
204,4377,37586,167886,493255,1238203,2883223,6392445,14139029,32512749,75583168,180220453,439062247,1065151315,2606330487,6438295002,15859812150,38875317506,95131579745,232557695253,567742651141,
104,3808,37196,172213,503026,1247716,2918046,6524105,14333622,32461983,74852730,177498766,429062716,1041949581,2557777224,6307103159,15472105088,37892491025,92566071333,225014923492,545851363492,
110,4624,38440,166377,500042,1246757,2867228,6389680,14135426,31903607,74530955,177170334,423098713,1016946561,2450572342,5918986639,14380876538,34941666950,84968273978,206719881576,501182045229,
202,3932,35728,168778,505847,1251016,2897039,6425092,14124781,32219923,74861908,179042409,435124835,1059734747,2620593914,6486573035,15946691604,39099255884,95687804637,233518180024,569418954956,
207,4158,37020,169210,501883,1260992,2887542,6370275,14210649,32141682,74377778,178057681,429011071,1044942799,2577579241,6349605033,15672959021,38510223108,93854890705,227709599885,550384746148,
108,4781,39292,165033,490234,1237418,2884139,6397069,14225010,32285226,74930071,178755802,430473209,1035145530,2512371494,6135204674,14969837713,36396823380,88499785314,215511593730,523967683366,
130,4817,38724,165026,500241,1259626,2878434,6481172,14471085,32459024,75848136,181434382,440203715,1080543968,2647045088,6498706529,15930972881,38770354695,94178278687,228878713390,555051733592,
112,4377,37869,167426,498035,1259204,2892170,6418566,14275991,32128962,73685488,175042669,418072829,1006477531,2444618619,5957446279,14585171408,35543669380,86203274955,208134172669,500587718303,
216,4409,35776,162649,503372,1245457,2897160,6632879,14601571,32422422,75570582,179054759,432115868,1060769926,2624919786,6502601527,16120449696,39798551823,97564683909,238206724285,579884034681,
204,4591,36886,163019,497563,1242414,2882084,6500002,14353364,32037207,74937081,177646004,426576359,1044286384,2554281284,6262897063,15433565074,37941490072,93154719468,227997143884,554402996464,
216,4566,35816,161765,504132,1251836,2912681,6644642,14629560,32565880,75250671,178073313,432309401,1063677332,2631542845,6527595169,16115219239,39425910095,95871090393,232653167432,563715332193,
182,4976,38293,163073,498783,1248499,2854995,6504556,14509660,32400399,76414010,182972772,441672859,1088048942,2674801471,6583564184,16323219791,40291807608,99191354749,243965997767,596040940651,
292,5540,38197,161246,498509,1232109,2803415,6435865,14549803,33045329,77397557,185116525,448775414,1093322223,2690311713,6685389504,16683929070,41378309656,101983974986,249943972236,607168168256,
287,5520,38122,161138,500924,1244331,2847216,6570646,14637145,32880997,76455470,180751899,438159883,1067517553,2612691963,6441543347,15886766396,38780339427,94409829146,229769545632,557481233921,
248,4647,36468,163493,498502,1234096,2868000,6500823,14222515,32098767,76295003,182108600,445003034,1103587358,2740876490,6831209569,16993577351,41988915901,103360745812,253541464898,619909870742,
274,4562,36273,166277,505605,1248494,2942884,6640688,14411955,32393903,75692621,180620324,444110134,1106036357,2763397522,6922415293,17251483109,42543545057,104454613676,255484555162,622911196941,
276,4656,36912,164695,496824,1238140,2877738,6454671,14179005,32166475,76213984,181873544,440112551,1083567230,2671028790,6611361353,16467689714,40778659652,100491104706,246641600134,601331563175,
294,5644,38560,161576,498753,1239813,2828480,6569889,14883314,33349036,77869141,185799589,451173051,1110762548,2768710804,6952716410,17453927806,43363047897,106759325579,261397957784,636370122438,
300,5704,38794,161086,499114,1242018,2813669,6510109,14740640,33066315,76575898,181260445,438333567,1072746976,2667799907,6694482796,16820994142,41903354176,103334088258,252361551386,610668168661,
208,4517,36706,165235,504407,1241174,2873828,6567719,14544399,32517089,76922088,184187491,449635041,1119042374,2785936936,6933990782,17208970281,42383936228,103867809966,254078039867,620868356853,
246,5631,39579,161541,506384,1268426,2832349,6722272,14806788,33318049,78517729,186857696,458355675,1143936159,2838911670,7125404878,17808594253,44144740120,108766036556,266592798876,649572493635,
141,4762,38818,165998,500073,1254287,2881348,6512156,14588115,32797599,77546474,185435308,451752042,1119042512,2745827073,6746412887,16562148931,40259119398,97837831039,238367251294,579610674907,
148,4880,38335,164192,502616,1269870,2926572,6651428,14716140,32877624,77146054,184747709,455937878,1130984147,2809800570,6999051968,17310282630,42524658426,104249527464,254998866321,621671810484,
137,4576,37900,165242,500471,1264687,2904042,6550713,14604354,32651603,76929420,184077160,448584029,1108102893,2721701047,6678241347,16363797249,39809151300,96853650929,235966753805,574320286571,
170,4489,37284,163645,497901,1258388,2928030,6548437,14308353,32043051,74808404,176938229,427893038,1047588997,2562327017,6311528776,15578009061,38287724883,93942733178,230060510234,561335703048,
175,4756,37912,163710,497474,1260855,2899910,6544129,14461975,32183991,75002873,177444114,424530704,1035319210,2517896160,6134641062,15042159379,36652529052,89018483265,216297358749,523217306272,
162,4289,36897,164247,497169,1239930,2885485,6536918,14273751,31733884,73900254,172924632,408909788,976602663,2322139923,5532915009,13236317636,31647281145,75846216927,181969478957,435385633624,
178,4523,37001,164098,498926,1246957,2909650,6628177,14495274,32144819,74253807,173085840,412589633,1002040358,2434196961,5921079397,14413493295,34927157612,84597752354,205017618339,495807146832,
270,4366,35243,162888,506722,1253870,2933607,6568560,14193876,31994481,75193915,178058694,433370362,1060465942,2596885930,6419983487,15889287041,39149623297,96079552117,234829962090,571542594819,
227,4554,37152,165202,496353,1230250,2872452,6516713,14517813,32302321,74831747,176007270,415935270,1015940638,2492895316,6099731419,15035476606,36729720058,88860775440,214982522963,519234139062,
170,4380,36150,161810,500976,1254179,2935918,6695366,14664494,32320588,74696578,176811843,429536157,1061438798,2629058642,6535389465,16147965191,39550241008,96664515623,235864608132,574189415912,
154,4150,36459,165132,502145,1228120,2869558,6508440,14150580,31833791,75436610,178623488,430062573,1045836667,2533944754,6179010847,15134690892,37020522433,90590801570,221159912686,536986926926,
179,4518,37719,163662,492452,1253951,2910947,6602305,14599760,32290720,74859542,176071274,420996064,1031012010,2524492180,6192490051,15264885307,37294387470,90551491923,219602163968,530923243523,
280,4915,37944,164272,499524,1252339,2903080,6467637,14287252,31921825,73974619,174301898,415044683,988750804,2340994609,5561874576,13247360892,31491408434,75351134963,181062287901,433974337081,
134,4362,36393,163595,499336,1233248,2903621,6609489,14625142,32743089,75615703,176016872,417204440,998478266,2400907782,5817876523,14115054721,34121521142,82417905284,198623390038,476713650274,
114,4250,37344,167056,504713,1247622,2922989,6577142,14337962,31968511,73064166,170803474,405966768,959590588,2281855359,5468970762,13133552649,31559569494,75975476554,182699271063,437506472891,
274,4792,37544,163342,497295,1259154,2911647,6500914,14490432,32356084,74648034,175442250,418470982,1003594703,2388986763,5702374214,13660646122,32585791522,77974346067,187506843383,449717161035,
170,4494,37446,165333,496904,1235776,2876254,6433778,14320651,32379166,75886807,179655364,431218134,1055313403,2587855180,6392247798,15892765633,39312585455,96711087897,236912792525,576154753085,
126,4476,37582,165194,496936,1246811,2892141,6446654,14273366,31972021,74755628,177379404,427147707,1044439738,2548311887,6259554339,15482835120,38160180019,93717329444,229174474556,555648688471,
293,5654,39193,162628,497642,1240442,2802365,6499992,14615104,33061258,77586575,183288160,445237864,1088554060,2675199317,6644571743,16516664112,40516302763,98903886512,241193465406,584620393639,
345,5658,38335,161600,503098,1243370,2851800,6544749,14571604,32941112,76474302,181754607,439692171,1065400152,2601101548,6391301314,15708575078,38348287493,93274425521,226099640782,545413194028,
332,5602,38087,160620,503076,1251891,2843190,6508842,14327581,32071501,74657244,175526450,421604451,1006826955,2393662224,5738479287,13848732700,33406172180,80784964177,194766687875,465668394929,
210,5226,38591,161262,503085,1261402,2837512,6518903,14421876,32324300,74928070,177181745,422695111,1005229661,2386468252,5718076574,13765759356,33170393082,80191969574,193821071090,464365632596,
267,5395,38457,162199,499245,1240784,2812858,6500352,14544777,32683868,75015038,172392225,409137868,971040807,2307681566,5567319534,13552197252,32815388049,79213047388,190562053569,454796107575,
212,4252,36124,165151,499803,1223341,2856758,6434294,14188062,32427052,76184527,178699033,427241003,1032852200,2509462626,6167278790,15190520524,37247566942,91031279993,221399007486,535837903194,
280,4718,36528,163323,502256,1257746,2918686,6478515,14201631,31711157,73858145,175304982,421383976,1017967928,2460775756,5972201286,14540824761,35274248165,85279066456,205948123272,496458797333,
295,4925,37536,164930,502212,1264946,2948850,6624052,14642582,32557913,75726940,180349913,435135335,1069628178,2616903078,6394040065,15676414847,38205975094,92998411629,227035573968,552776055051,
226,4622,36808,163476,497566,1241976,2863118,6487365,14418839,32020222,74965916,177222984,422122562,1022256123,2470784196,5977235153,14531812872,35177405868,84986611425,205485007046,495658877326,
124,4446,37421,165194,498592,1236426,2885126,6507534,14207025,32133959,75624350,178626663,431895431,1058145960,2584245015,6331956973,15497486593,37760091893,91910590967,223729390324,544417643223,
247,4886,37748,164426,504190,1263355,2913819,6558529,14567982,32477778,75318219,178773650,428530218,1042953107,2545161308,6213070053,15222058846,37131157753,90333022240,220068366376,535291883652,
136,4838,38858,164788,499530,1254569,2900822,6473790,14308137,31993224,74522895,177311879,426662804,1031168073,2485195492,6006893937,14539891486,35140624277,85104162432,206357472517,499320072352,
272,4550,36429,164948,500880,1224568,2852016,6391393,14169508,31963956,75028774,178166325,424318623,1028706939,2494385425,6052717413,14768286638,35851597749,87022398524,211916283759,514807875161,
362,5600,37878,161448,504546,1249871,2856717,6577027,14603796,33142797,78403598,187643234,460368164,1129039679,2775647611,6865954409,16950341553,41575418824,101754126369,248727126789,605469227529,
258,5366,38174,161175,499314,1250646,2847988,6570080,14633449,32688535,75473173,176941912,427818646,1039521287,2548967109,6325195793,15675471763,38397793174,93443372660,226095074271,543573313457,
204,4864,37787,161468,503642,1266607,2845182,6534591,14340043,32163177,74643955,175099273,417663163,995276397,2358431453,5663992237,13649839126,32799110413,78977222716,189808789325,452617136688,
208,4265,36104,164029,496893,1233550,2865660,6471452,14346286,32425872,76922328,183213215,443618195,1092092603,2692910436,6651670956,16466969542,40478855261,99008012873,242231288715,590163559058,
198,4008,35676,164420,501877,1238825,2883326,6555266,14449582,32505207,76720368,182765832,445389965,1094875379,2687984216,6617540300,16241379270,39697199637,96680704275,234622713736,567486975413,
230,4248,36284,164655,499200,1228252,2853619,6493516,14234094,31904218,74740065,174304520,414115431,988876337,2355268596,5622612726,13458302125,32256262167,77380001176,185674642036,444014710314,
138,4138,37393,166501,497879,1253351,2889473,6536940,14577108,32274527,75895067,180133965,429820651,1057141081,2599005251,6374811409,15777772162,38791205413,94602493305,230551913047,560374417584,
296,5582,38337,161148,498186,1238508,2825400,6548331,14832694,33476627,77944131,184994548,449454378,1099375966,2714323863,6768898328,16844093977,41429761292,101238320706,246477708370,597542701331,
158,4498,36946,162791,496025,1254641,2885336,6553149,14681201,32552971,75887272,179892768,431037693,1057626126,2606454867,6431340960,15979487259,39470585700,96931636567,237738998983,580017961071,
288,5758,39110,162371,509633,1267348,2875265,6669739,14764989,33037292,77708682,185249869,453646002,1117761711,2755997518,6828635067,16867121416,41286411656,100779209110,245374481218,595201036643,
301,5576,38540,160958,502553,1245756,2829395,6492657,14440481,32520531,75420286,179000652,433001295,1041156521,2516521343,6137507592,15008665071,36672238590,89713454052,218408965556,526555683002,
204,4673,36818,163761,500986,1250767,2899493,6514307,14358837,32262939,75640897,180684565,441825225,1092967636,2709512299,6738380349,16737982310,41314885545,101420986793,247991587026,604033234738,
124,4146,36972,166620,499510,1227198,2857906,6526880,14362562,32347460,77631938,185584263,447037920,1102510642,2718608097,6715880136,16648197581,40983723507,100353866725,244727188779,593425019949,
232,4614,36805,164317,504574,1250797,2901408,6541306,14341856,32244323,76075140,181673180,440841326,1078412485,2641087433,6490748188,15946077425,39111846221,95898878543,234561050072,571596742965,
336,5698,38443,160450,502337,1252788,2842408,6522933,14491500,32389678,75332018,178583570,432264700,1041666378,2514802491,6126056064,15018430974,36762017355,90072110820,219652213103,529557441519,
266,5500,38867,162293,499640,1251069,2847035,6537595,14562785,32612703,75138431,173747398,413493345,988026539,2361977326,5729061197,14085432474,34530857139,84217779680,203916347254,487925553494,
300,5559,38690,161885,502618,1245425,2835059,6457860,14325404,32410409,75490374,178952115,431825585,1037674044,2495341205,6050297159,14769896158,36093506547,88491265609,216433978810,524577948133,
339,5646,38413,161612,502690,1251724,2864058,6553779,14478935,32219386,74208180,173947853,418518268,1006207327,2422980921,5904343728,14457791363,35238810174,85808782157,207920173273,498522447968,
300,5484,38370,161974,503666,1247342,2823293,6464297,14312261,32122583,75272791,177328212,424917725,1011543399,2404008645,5781283115,14024684469,34113015818,83390762109,203241733922,489914206786,
364,5643,38244,161819,503750,1248465,2838565,6483898,14372061,32383536,75806942,179556081,431866567,1034099611,2485388868,6049863451,14840905561,36379262052,89253196142,218329609352,529109815595,
292,5602,38439,162070,500344,1240564,2839299,6630176,14864498,33017440,77079690,182457455,441941475,1090991883,2710059980,6751563907,16762912193,41017683974,99501450283,241060399241,582937513534,
300,5956,39840,162956,511606,1273189,2873169,6611306,14606227,32849142,77885728,186924467,461003240,1140540102,2801523273,6902758425,17031340719,41721777307,102198520559,249932170207,607686892856,
112,3958,35842,164036,500812,1262269,2983087,6685768,14581575,32770890,75901716,179174959,439278032,1082875142,2677543742,6699702195,16799145713,41904932009,104031040643,256041982887,625192737958,
230,4304,36981,164689,499256,1259863,2921248,6583562,14588270,32693864,76176510,180063896,435538391,1071648242,2642956134,6581762467,16488543570,40930167352,101047043431,248377468962,605042852094,
289,5612,38714,162012,499289,1254502,2884815,6615964,14711550,32894923,76313775,179571627,435489074,1071221148,2644064737,6572127304,16364238125,40282774686,98580866729,240474640992,583298091683,
132,4204,37403,166401,494825,1230956,2885765,6510809,14268363,32121106,76073888,179741112,432754884,1066803126,2626335739,6490315128,16176292509,40113916668,98882568634,242707689354,591991557097,
291,5586,38411,160994,497652,1238587,2799314,6517801,14785994,33594892,79422777,190708268,468986461,1163839013,2912113850,7342122642,18442415059,45664972022,112250046865,274993080921,669803027372,
268,5500,38750,162786,500914,1260805,2877137,6554848,14554592,32915409,77086322,184612988,455167535,1124753065,2783036543,6937071504,17275428830,42437321540,103666752018,251941734459,607617952874,
222,4089,35176,163120,503330,1255899,2886770,6566023,14486711,32466322,76705916,181984215,440913813,1082946261,2658084531,6551079188,16208932047,39957539735,98328513519,241571077323,591030590589,
222,4125,35408,163131,504430,1268927,2916274,6560965,14355376,32024623,74964312,176867539,429455018,1050305635,2549099867,6240835302,15379787383,37863404718,93259714304,229217369396,559830171844,
249,4370,36517,165054,496696,1245413,2883997,6517554,14492974,32307496,75766409,178686396,425838788,1040229526,2550701302,6264135714,15485752762,38051135569,92968537041,226935616517,551292837303,
236,5342,38805,162826,505582,1255102,2827010,6545493,14523041,33084601,78893198,189812568,466025336,1153935993,2845169700,7049677471,17409789779,42559173220,103630630612,252425504949,613338509054,
266,4497,35967,164247,503636,1237251,2880753,6515751,14265224,32117647,75155721,176636526,420500416,1006886870,2414804188,5811049426,14016956896,33797010209,81533032191,196800846984,474468585310,
313,4528,36261,164699,502094,1241436,2848079,6485958,14401687,32200766,75865781,179446586,427740368,1039449771,2510504240,6064317762,14777962248,35897787691,87087591894,212094636897,516056867220,
204,4085,36693,168727,506012,1241953,2863718,6529575,14347581,31856322,75823708,181410825,437872384,1074518711,2633752203,6408560575,15559878183,37693628003,91155102079,220843424387,536064896354,
208,5388,39386,162330,507730,1271469,2825452,6596480,14338357,32151463,76245401,180753652,437013454,1063096681,2533976466,6132751134,14929575563,36232266612,87996753775,213413601110,512943587071,
296,5546,38611,162954,498200,1248779,2869813,6538204,14612628,32835341,75404688,177360161,429911294,1044240451,2549576878,6260898987,15347521927,37119950834,89276375689,214520767287,513408038711,
234,5652,39991,161814,505404,1263886,2791540,6567589,14485902,32527764,76620793,181335596,435948118,1057244871,2525115369,6115083588,14892298580,36177920732,87895444725,213185350686,512801117114,
206,5310,39354,163200,504968,1276212,2855373,6552970,14362108,31984856,73849934,173572512,413371634,991045213,2329375053,5532249396,13218885589,31613241018,75907812791,182515693361,435631898625,
212,5324,39155,163578,505349,1258652,2838816,6532492,14396546,32363216,76029001,179557303,431796268,1048453931,2521603511,6096911632,14759806108,35530290531,85647300782,207239075634,499265547061,
328,5471,37700,161299,502186,1246209,2851052,6495555,14364001,32123522,74258372,174481219,417055224,990216597,2340664003,5557999843,13276871260,31684568912,76024962404,182805079902,436330220944,
301,5682,38758,160872,498310,1252098,2840817,6520706,14562609,32662413,74971297,173944950,417206629,997867334,2391604938,5831454738,14253535539,34477209238,83239536338,200571344971,480731255170,
370,5710,38339,161834,503609,1245934,2823408,6503813,14530233,32715652,76697839,182112847,438926235,1054009566,2539462763,6179877966,15097061437,36734801954,89316681625,216444897911,520169319032,
234,5134,38578,163646,505676,1262147,2856454,6600281,14579084,32819507,77048569,182011829,440308080,1073977284,2600962925,6375631376,15622515450,37898169934,91995146643,223885961353,543438757003,
258,5274,37841,161888,499239,1247975,2855803,6540289,14418080,32551510,75436597,176381550,426039333,1026925855,2471997165,6025003717,14695862441,35577462102,86473692295,210113868946,507923101802,
241,5149,38379,162358,505203,1262861,2842182,6521192,14357756,32467616,76610343,183161657,445642723,1083769972,2622901466,6399609429,15581393545,37751261210,91777993225,223815851815,543791887835,
258,5330,38406,161706,498947,1251189,2814916,6550128,14685719,32698244,75838913,177392618,426769166,1027706743,2479106053,6052985480,14820191955,36070889245,87914301345,213978181056,516817726422,
261,5516,38846,162246,500549,1261473,2856392,6606672,14790867,33294357,77751922,184693886,451782408,1110571439,2738333548,6793815492,16770554413,40916944600,99783823864,243492027906,592504576954,
108,3803,36491,168682,503773,1252990,2896140,6481872,14101648,31952349,75768675,180174418,438035273,1066903200,2600798972,6357461215,15480801370,37559878783,91173341471,221484562931,537505645790,
112,4173,37123,164949,497688,1263714,2941340,6511517,14379680,32057078,74989021,178128648,429865127,1046493440,2542567857,6200459770,15155309562,36838568050,89525710752,217433635886,525884435942,
218,5036,37081,162165,500303,1241620,2917784,6606330,14525099,32379265,74547919,173510316,413939551,987985534,2366588884,5704072942,13685115522,32854621564,78966340025,189649620984,454712309277,
123,4615,37978,163159,499377,1266024,2927684,6521341,14423340,32385018,74862189,176218628,420219635,1004572008,2386225690,5694355914,13672530543,32803700991,78859457927,189965197551,455398294177,
204,5038,38450,162432,505530,1264194,2856715,6523284,14194169,31962123,74103710,173741214,418163996,1001985883,2372299596,5679059045,13603813792,32572030062,78500538454,189266796316,453281503592,
206,5030,38629,163550,503661,1265559,2889050,6594254,14431406,32462306,75460714,178974105,432921523,1052311658,2553954163,6265281519,15320952752,37202861712,90306064417,218786512974,527439249171,
198,5160,38629,162643,506256,1258398,2854259,6521926,14203598,32023561,74112101,174476512,419876749,1005666105,2383256153,5703378985,13638575343,32598476291,78515137111,189156538732,452750811226,
202,4440,36864,166135,505737,1262874,2911491,6535792,14339904,31829470,74259991,176494647,426930479,1042303780,2538402192,6195672347,15160417441,37008301850,90248330906,219957168949,534742990573,
206,4376,36758,164399,496944,1236294,2854849,6538126,14365147,31814273,75030804,177647167,424082286,1026341554,2477291777,5979712479,14481517316,34997859977,84612503217,204857628511,494707796194,
102,4358,37326,164525,501389,1237798,2851580,6509574,14379066,32176614,75500312,178419412,429257545,1044071321,2518416589,6102744883,14836759689,35814406797,86572065800,210046080186,508997392945,
216,4630,36959,163680,493402,1227933,2859314,6428708,14411971,32293128,75812357,180055372,427342165,1035527131,2505255081,6071086939,14807670991,35880437912,86569445713,209440113252,506917406893,
230,5522,39685,162490,506875,1287507,2884333,6672090,14629715,32966397,77610025,185001960,453983119,1127138398,2750073383,6782800162,16662872357,40536026287,98439614551,239266141738,580437275199,
238,5608,39747,162382,506480,1260908,2805571,6610901,14578115,32852976,77961196,186830804,453918747,1118151470,2724909679,6681933136,16361067679,39778268916,96491106786,233666781148,563727336677,
264,5344,38310,162640,498906,1249610,2851059,6487154,14396113,32616435,75181284,176712051,428485110,1034596957,2505219881,6137136577,15092859212,36836081074,89815756996,218374362499,526420887240,
242,5252,38363,162314,505034,1251896,2813369,6464753,14303834,32485267,76536082,182283152,440287526,1061312257,2554358298,6214747819,15209566594,37159004107,90694570691,220935168601,533858001357,
231,5243,38431,163216,500507,1261901,2885277,6558647,14435176,32624951,75605751,178518014,433311047,1046286686,2517244913,6123514072,14976309554,36408749404,88696656142,215666810644,521148517781,
202,5210,38595,161572,505055,1261024,2803779,6603843,14505306,32522351,76110652,180085902,435315581,1061826152,2573377416,6318065571,15473854659,37820115765,92367527206,224367036220,541027903768,
212,5304,39043,162662,504910,1268891,2854889,6677621,14651798,32747846,76519506,180931651,437123484,1074650988,2617303711,6433959992,15802722393,38583599517,93724878194,226816626111,546262554415,
268,5502,38793,162766,499841,1262384,2882187,6568006,14551614,32512592,74819561,175089349,419614596,1000589533,2366998268,5642874091,13550169345,32441072123,78122419333,188114076017,448808789752,
332,5650,38608,161614,502700,1251114,2839758,6544700,14600779,32743154,76332960,180874295,439896176,1066009733,2604418135,6430595353,15844491888,38778460071,94506371500,228710277041,549392832395,
202,5280,39074,162380,507293,1272502,2819817,6518696,14214941,31841329,74575519,176004764,420530203,1007525618,2372913259,5668027333,13594491836,32705067303,79073733747,191032207328,458279958421,
198,4822,37596,161426,501642,1257698,2857145,6543931,14240545,32053605,74149918,173602603,415538244,994688738,2364531077,5680781602,13709849063,33084122147,80080727558,193659393918,464414086282,
210,5226,38720,162457,505564,1253130,2838260,6524010,14285207,32325316,74736596,175020121,417558070,996467893,2371230243,5705817075,13767206628,33228412235,80435979488,194294841275,466000879669,
176,5076,38653,162608,504815,1265437,2839795,6641981,14513746,32660586,76336932,178659031,432326742,1059954027,2562222585,6296107120,15453066343,37646339204,91441469631,221367036724,533594953610,
130,4416,36991,163911,499986,1237728,2885416,6598704,14510771,32169200,74528874,175653114,422622552,1028096872,2507469384,6151462514,15063449346,36623084049,88671473517,214394188894,517471626904,
255,4886,38788,166808,501648,1258866,2907782,6565998,14707376,33001299,77311642,185322699,450961637,1119129528,2777539708,6880287180,17063056918,41944592698,102437711636,250203293841,609526867486,
256,4616,36640,165177,502374,1232165,2882359,6637620,14558425,32659263,77275721,182650512,443602057,1103292868,2756647011,6887467406,17136732877,42205200195,103233744246,251712535895,612421254297,
154,4622,38604,165670,490994,1229798,2868922,6556088,14706718,32762194,77457320,184906908,445828164,1114308412,2783383893,6934163803,17372801403,42957808326,104989731017,256142113033,623306888832,
228,5056,37997,162937,504020,1254182,2835522,6555818,14388567,32262411,75484375,177395602,424927057,1025519661,2462916178,5989377237,14651928444,35747202013,87154466918,211237563946,506133090661,
334,5582,38075,161742,503888,1243486,2838005,6482650,14396807,32520947,75800938,179304496,431594858,1031253657,2463059707,5932831502,14395402516,34977870483,85333533043,207447112356,499116701578,
234,5471,39332,162728,508363,1274037,2848545,6596100,14382284,32259003,75803017,181826135,443741513,1091641919,2663486634,6575301742,16267001855,40239775497,99602198773,245116552330,597239718441,
242,4855,36966,163691,500945,1245072,2922949,6566006,14435228,32406674,75100035,177331205,431266375,1054889075,2572478986,6321529340,15532725848,37885071174,92109621719,223673267749,542032640892,
110,4464,37339,164475,501280,1255732,2929732,6578734,14433910,32192844,74021138,173080842,412533112,987342805,2367583293,5695038404,13682170143,32885655245,79244125438,190868984275,458145334826,
266,5470,38801,163498,499522,1262216,2882951,6620845,14817706,33146078,76674087,181157655,441680568,1089004656,2691962959,6728011054,16859798438,41640830094,102139419992,249582340875,606263799624,
116,3605,35379,166359,502230,1222798,2864911,6546678,14376654,32237540,76750387,183066106,445631585,1103257078,2720209017,6731300663,16689265030,41236262771,101615807577,249325101650,608497623450,
264,5470,39115,162850,497162,1250566,2836528,6472996,14537576,33067863,77193332,184617480,453346469,1117583270,2775199961,6932821160,17315329880,42797139756,105287110847,257964122697,627473997681,
275,4526,37283,168567,501067,1240900,2894320,6528476,14437025,32210214,75763416,179816318,429352071,1060749808,2624963350,6500019795,16283796772,40495734325,99857541219,245080120493,596337411364,
180,4761,38206,165067,494818,1250318,2885265,6454243,14331845,32415150,75241320,179813735,434433817,1058016352,2592900478,6372309552,15655033615,38358527423,93719160973,228815896353,557745251740,
263,4542,37188,167252,493259,1245112,2891935,6469924,14486512,32900057,76198832,182707164,447070359,1102798692,2741789741,6827208084,16931474878,41632309388,101599211912,247184025755,600909952657,
230,4702,37422,166293,505222,1249400,2872952,6472127,14384749,32409417,75919855,181486281,444117539,1099341261,2721055679,6763743371,16793291927,41362910223,101321501133,247694643398,604577173416,
136,4309,38506,169291,494944,1247565,2873833,6366137,14062547,31839478,73955618,175170874,417956484,995361598,2387544264,5777593614,14053438531,34291466402,83664991218,203678806476,493544892714,
223,4374,36910,167000,499410,1271588,2909363,6472308,14339225,32063083,74390779,178326518,431583342,1057222423,2601270789,6403335464,15732109493,38492786911,93706353325,227444444063,551058834213,
126,3924,37628,171730,496969,1253577,2892685,6410441,14235019,31855051,73650615,176010559,422345088,1021422223,2484025696,6054453061,14819904132,36178740701,87997381294,213324378449,515193150727,
128,4158,37514,169448,500988,1253482,2920386,6563115,14374303,32520205,75428931,179841672,437305650,1067139335,2645132907,6607206410,16436890504,40772462247,100628331119,246683127522,601614304382,
186,4826,37914,164141,500154,1239174,2886349,6526407,14398445,32315966,74802806,177438681,427591882,1036182214,2521886586,6165721343,15048579559,36673572981,89527878717,218414830948,531965157131,
200,5222,39367,164965,496975,1245661,2888068,6538574,14582014,32521868,74730280,177294025,423040313,1022853817,2491875728,6076364255,14842920285,36107929005,87635073306,212495659829,513582877049,
160,4878,38386,164206,493304,1232641,2921727,6548926,14337758,32359426,74896056,178471940,433461713,1053007865,2584272435,6350438370,15510452009,37831593679,92402128693,225790381657,551483695128,
258,4138,35792,167840,510815,1250572,2918173,6602898,14290627,31744838,74171666,173632351,414376519,1009322235,2449647746,5964027649,14620274025,35735903587,87130214064,212097936543,514176185165,
167,4639,37911,163253,497899,1265982,2909943,6510823,14366345,32156922,75276279,178514006,432543894,1069740403,2625784837,6494050523,16191177830,39990190262,98321226732,241702298398,590890700558,
186,4852,38516,164906,496684,1261956,2918855,6605508,14621416,32304676,74978303,177508676,422523949,1030130801,2517580963,6145304582,15130839979,37096439280,90613752486,221510919861,538278708673,
224,4291,35613,163449,504229,1246769,2912464,6593071,14357574,31760080,73778873,174064743,419106828,1023753534,2491958263,6083481303,14887982877,36286993586,88404199065,215111422327,521134488347,
256,4405,35885,165057,505499,1259257,2934034,6600575,14435183,32491027,76432782,182606495,448659920,1120398762,2794736929,6981947087,17388687129,42817765017,104587497346,254733421057,619113423006,
179,4690,38204,164774,494037,1250836,2906250,6593257,14520501,32238149,75342723,177498165,423379248,1045884845,2586938908,6383859372,15884139238,39268840288,96586790010,237890701625,583235774867,
286,4802,37693,166061,500519,1242651,2899179,6567685,14489246,32345147,75881259,179415651,428817601,1056765838,2605668811,6408214967,15806792164,38549045473,93380406884,226354481498,547730129971,
216,4324,36000,165464,501852,1221402,2859489,6405466,14222525,32442333,76441481,181149307,432701695,1059696166,2615883874,6497219441,16242095693,40251617301,98822342970,241700840514,588152140036,
176,4863,38705,164967,497198,1267045,2951264,6635716,14650538,32575931,75971867,181470920,441524855,1100702451,2745283093,6844543391,17018798343,41791368834,101945301446,248478054352,604996409807,
274,4726,37168,165577,504228,1264841,2956508,6595451,14396413,32127384,74531429,177800404,432259166,1067349876,2636165497,6528319875,16209260097,40053090617,98716608714,242946960825,594642215643,
266,4279,35019,163494,507804,1252427,2950163,6647388,14408970,32197761,74934373,176751257,428888247,1050209365,2568644404,6336285861,15618798961,38252424366,93379287904,226950123859,550003464161,
152,4179,37500,167572,503552,1257498,2894262,6442645,14190786,31849572,73470851,172282819,412792612,986528331,2337765010,5572187468,13363191070,32009302487,76905876803,185243341452,444282683241,
146,4120,36046,165690,501772,1228127,2893535,6607202,14546408,32698980,76182427,177403322,422317115,1020977400,2468260742,6008540288,14674220850,35676466758,86680855647,209975210821,505787386509,
179,4485,37793,167048,502278,1250221,2897901,6495649,14368685,32029649,73789344,172279929,406123973,966423100,2289923011,5437132790,13052335403,31291346973,75001558841,180184840267,430656408683,
306,4488,35900,164778,505416,1242169,2876113,6508955,14347073,32118339,74673450,174850712,415855458,995673406,2362569682,5613039427,13420614956,32085965096,76948659688,185213769070,444583985111,
247,4566,36909,165238,499231,1241780,2910213,6581643,14447629,31839169,73863018,173568473,412792623,1008714437,2452480100,5954479339,14585254679,35503280517,86109489753,209330761121,507018796971,
118,4672,38021,164890,501401,1256408,2891728,6544699,14375541,31938876,75067058,178150725,429049328,1054573903,2592137769,6386635403,15824965235,39051935627,95922340641,235021021637,572684468047,
186,4108,35192,164512,504632,1243313,2936564,6672908,14520277,32390963,75477642,177678603,429327577,1053103348,2589023855,6383104410,15716104857,38454335841,93754252514,227780661500,550770085380,
212,4490,36943,165174,502481,1261531,2901116,6496132,14258281,31641481,73778136,172602419,408428279,980481401,2326983821,5547676711,13348672011,32007804694,76622356438,183499462402,437576191868,
291,5706,39074,162386,499757,1238232,2822390,6536330,14671609,32901406,77494005,184593736,445888687,1094005921,2708909551,6704916714,16624768073,40998119619,100705078142,247260667338,604323901776,
296,5600,38766,162090,498958,1242324,2833039,6587037,14747597,33154642,76837762,179363043,432623970,1048862616,2554864209,6312476910,15695067378,38722643620,95234162445,233406593437,566815946005,
246,4448,36120,163958,500252,1261333,2943908,6642375,14566889,32493085,75769187,179951037,437487893,1080893942,2665872760,6596557219,16355997210,40268360262,98758821763,242229174910,590739261137,
272,4658,36529,163447,501296,1250416,2896912,6481300,14268628,32136547,75524893,180292178,437030475,1068468800,2615893332,6429193559,15858952563,39007200384,95767084119,234884548853,574002534226,
129,4672,38075,165542,499164,1246454,2895792,6562821,14567753,32428646,76229417,181373587,437538384,1080137436,2659849338,6567183578,16257908665,39860756207,97149226001,236634546605,574896402272,
120,4436,38270,167700,500947,1244344,2869953,6549932,14565359,32084999,75770007,180403137,431851427,1065049265,2615407490,6428986158,15960612731,39425623368,97003532973,238408684463,582993046603,
124,4430,37400,166241,503750,1235107,2828279,6494308,14406379,31665853,75062881,178094999,422646401,1033043343,2509909209,6099736687,14997356982,36613494904,88847026977,215507390584,521047349722,
129,4090,36540,165814,499883,1232156,2888741,6666235,14645034,32345745,76118532,180158105,433455702,1071690995,2658523407,6601602593,16429200789,40548190964,99241254970,241887328213,588097495405,
295,5514,38273,162136,496324,1241107,2833719,6575784,14727624,33088282,76679679,178534447,433198712,1064441352,2625028322,6581592775,16573192574,41208665629,101673961279,249619722599,608139129328,
269,5488,38582,162062,499243,1263657,2880716,6675909,14858478,33173727,76548530,179433468,438277487,1076052731,2642901023,6595748771,16501547880,40782795465,100378313601,245601187010,595791046291,
136,4111,35973,162519,497578,1245481,2892523,6538279,14550695,32585157,75975140,180495070,435075291,1062648972,2598487484,6389808782,15766004621,38733479225,94990770270,232276231963,565398744338,
139,4264,36986,164697,494750,1243064,2871457,6475355,14482289,32488975,76343946,181173006,435923521,1072508798,2629662116,6460710609,15977077146,39290050827,96148256137,235023625991,572167013121,
289,5666,38797,161698,499743,1237552,2805077,6498295,14694721,33039449,77534609,186001676,451598857,1108566344,2752993861,6856476021,17113636450,42487335911,104865721723,258120362095,631388730537,
296,5573,38558,162103,499858,1236577,2791902,6467090,14469322,32874322,77231530,181763843,439850594,1068539523,2620001474,6520361126,16335894833,40683292428,100825076773,248019021651,603707232055,
127,4072,37531,167723,498996,1245905,2884051,6506716,14435925,32018427,75186995,177957995,423558683,1039450712,2556670461,6294776638,15635379804,38591627115,94614161778,231372410799,562845712523,
238,5558,39549,162021,506076,1282862,2873434,6659578,14665466,32900212,76383193,181198297,443185656,1096594555,2686387761,6694832317,16725479719,41620096474,103217167487,254269235754,620395560418,
136,4244,36821,164767,494645,1234292,2875965,6539346,14541643,32787608,77803620,186136066,454934928,1139076588,2845540443,7105781627,17753651956,43956790718,108085143438,265531276356,650254840814,
166,4588,37642,164263,498032,1250992,2874809,6522602,14461623,32442990,76859513,182509660,443083973,1091957829,2682831675,6648035755,16561690028,41009819844,100897032920,246739206115,598869762469,
202,4430,36342,164461,500836,1236744,2863081,6503009,14476815,32663858,77376690,185217601,451902271,1130670713,2831945066,7104334306,17843083803,44258031940,108792534160,266335987071,649317078806,
163,4638,38656,166998,503035,1249084,2834258,6446578,14569129,32627059,77682445,188253827,460654405,1149987111,2862421800,7135762235,17879475737,44564241893,110271912168,271300718837,663106593759,
