4,5,6,7,8,9,10,11,12,13,14,15,16,17,18,19,20,21,22,23,24,
198,1000,2276,7048,42394,260784,1147764,4256456,17015072,75311488,332391948,1394002328,5634423180,22768612576,92629483744,374718040160,1498657681296,5932454016320,23363559549984,91655240143808,356998676611128,
201,988,2234,7060,43397,260832,1136778,4220932,17058453,75609892,331951462,1388280124,5617663814,22748461192,92568200886,374127555692,1495480506654,5920336360856,23322293779304,91503998724160,356388083794968,
192,1024,2160,7432,40930,259144,1138300,4232608,16984864,74410704,329161708,1382299336,5595712096,22594226928,91780391168,371229163552,1485635504328,5881951793664,23157572837040,90824399931648,353759058441360,
195,1012,2134,7420,41968,259896,1129142,4206916,17068650,74839328,329510092,1380775952,5595139284,22635457456,91944964552,371781283232,1487438286356,5889167983152,23191571633488,90971828197312,354379478403704,
204,976,2336,6760,43708,261672,1151728,4236880,16974682,75793792,334202388,1395774024,5629731527,22782291224,92880453112,375596546304,1500034554954,5934863200768,23382455046084,91758324712960,357315707955316,
192,1024,2264,7216,40654,259584,1155168,4276736,16969584,74549248,330944796,1392914680,5629771740,22700051072,92228402000,373305592896,1494402953448,5915873801888,23286355781744,91321388398880,355712330363992,
192,1024,2114,7540,41332,259056,1130800,4214160,17095768,74547072,328857460,1380428392,5598444528,22630640096,91830245904,371411060800,1486883908288,5888390172672,23182975490968,90921407646064,354208859755824,
198,1000,2264,7048,42202,259800,1148784,4236584,16930832,75036592,331363740,1389536936,5606822532,22663764304,92255849568,373114968128,1491532802304,5902173634400,23247684809568,91210452072256,355188120650040,
200,992,2330,6884,42792,261440,1155776,4266688,16990416,75539824,334021340,1399861960,5648689992,22818799376,92925120456,376060391824,1503467445008,5950116747104,23434627232488,91943088475984,358097522924256,
192,1024,2264,7216,40654,259584,1155168,4276736,16969584,74549248,330944796,1392914680,5629771740,22700051072,92228402000,373305592896,1494402953448,5915873801888,23286355781744,91321388398880,355712330363992,
