6,7,8,9,10,11,12,13,14,15,16,17,18,
752,1084,10261,41194,156107,602814,2686138,11269550,42955919,176284002,733411032,2897566535,11809684980,
728,1084,10406,40826,155051,589573,2623513,11161436,42445408,173563897,727529009,2869590061,11755634969,
728,1084,10467,41012,155663,600526,2691135,11441864,43759740,180385829,754649745,2976353311,12216518566,
743,1075,10024,40563,155025,593520,2655478,11180804,42481205,174344704,726911866,2876933147,11759610015,
737,1075,10423,41193,153962,600960,2681461,11286522,43282490,177162016,739417187,2924336832,11954170925,
728,1084,10423,40735,153806,599250,2665939,11337757,43519881,178442129,748195686,2944246460,12067680923,
734,1090,10142,40563,154439,596611,2641041,11163475,42508680,173898886,724841992,2854335467,11615552108,
728,1091,10332,40944,155138,598487,2667951,11329332,43208560,177149088,737996770,2908922966,11883751736,
752,1084,10232,40976,156747,600836,2684164,11331569,43145418,177643885,741886307,2936298799,12014601718,
752,1084,10206,40657,154602,606490,2684249,11336744,43615518,179125741,749516538,2953262553,12058638290,
