4,5,6,7,8,9,10,11,12,13,14,15,16,17,
432,576,1278,16575,52700,121817,471163,1504618,5326538,22312642,80529621,272521888,1005832673,4810326219,
432,576,1277,16571,52694,121762,470475,1503461,5308362,22273831,80413106,272081814,1003980894,4798992415,
432,576,1277,16571,52691,121762,470463,1503311,5308204,22273048,80409500,272059040,1003872410,4798427891,
432,576,1277,16571,52694,121762,470472,1503426,5308382,22273475,80412449,272079111,1003954325,4798822417,
432,576,1277,16571,52691,121762,470461,1503322,5308349,22273123,80410318,272058825,1003891696,4798602655,
432,576,1278,16575,52700,121817,471158,1504594,5326703,22312361,80529782,272518970,1005825390,4810330985,
432,576,1281,16593,52625,122737,474989,1507239,5331888,22362071,81280625,277164842,1019837805,4834161184,
432,576,1281,16581,52633,122494,474412,1505239,5311764,22319048,81111972,276469960,1017271497,4819400748,
432,576,1284,16610,52645,122259,472463,1505490,5332375,22380018,81004930,275333390,1015930682,4841899857,
432,576,1281,16581,52633,122494,474410,1505212,5311919,22318856,81107876,276464765,1017293604,4819581443,
432,576,1284,16610,52645,122259,472463,1505498,5332417,22380104,81004958,275332937,1015932831,4841994761,
432,576,1281,16593,52625,122737,474987,1507220,5332085,22361965,81276557,277159194,1019862061,4834436783,
432,576,1280,16594,52622,122615,474524,1506789,5326664,22344548,81200693,276749782,1018417197,4828870335,
432,576,1280,16594,52622,122615,474524,1506797,5326615,22344604,81200999,276762487,1018441468,4828982003,
432,576,1284,16615,52651,122192,472698,1506347,5345485,22402089,81045119,275381178,1016470337,4848507336,
432,576,1280,16594,52622,122615,474525,1506805,5326750,22344768,81197560,276759995,1018490144,4829332696,
432,576,1284,16615,52651,122192,472698,1506336,5345542,22402010,81045458,275379684,1016466759,4848505626,
432,576,1280,16594,52622,122615,474525,1506786,5326856,22344633,81197593,276745796,1018462295,4829219318,
432,576,1281,16581,52630,122494,474398,1505132,5311729,22318642,81109532,276461804,1017242106,4819378093,
432,576,1281,16593,52622,122737,474975,1507140,5331804,22361721,81278491,277169391,1019832685,4834250197,
432,576,1284,16610,52645,122259,472463,1505530,5332395,22380406,81005306,275347770,1015992638,4842361866,
432,576,1281,16593,52622,122737,474978,1507145,5331836,22361896,81274262,277166661,1019864224,4834521030,
432,576,1284,16610,52645,122259,472463,1505511,5332410,22380241,81005617,275346729,1015986911,4842265252,
432,576,1281,16581,52630,122494,474401,1505118,5311776,22318652,81105614,276458033,1017267918,4819552312,
432,576,1272,16569,52812,121587,469003,1497994,5281779,22160625,80005602,270354338,1000516249,4803582517,
432,576,1271,16565,52806,121532,468315,1496834,5263596,22122145,79890882,269921514,998680389,4792471752,
432,576,1271,16565,52803,121532,468303,1496700,5263481,22121255,79887310,269897359,998581684,4791883723,
432,576,1271,16565,52806,121532,468312,1496799,5263615,22121794,79890217,269918699,998653204,4792297255,
432,576,1271,16565,52803,121532,468301,1496711,5263625,22121323,79888156,269897256,998601440,4792065735,
432,576,1272,16569,52812,121587,468998,1497970,5281942,22160342,80005783,270351420,1000508820,4803590032,
432,576,1275,16587,52737,122507,472829,1500625,5287387,22212482,80767594,275041068,1014732549,4828282666,
432,576,1275,16575,52745,122264,472252,1498625,5267244,22169607,80601147,274354039,1012203421,4813807489,
432,576,1278,16604,52757,122029,470303,1498954,5288227,22230712,80486038,273181015,1010667916,4835334875,
432,576,1275,16575,52745,122264,472250,1498608,5267401,22169397,80597084,274348205,1012225781,4814003134,
432,576,1278,16604,52757,122029,470303,1498960,5288273,22230832,80486168,273180942,1010671616,4835443684,
432,576,1275,16587,52737,122507,472827,1500614,5287590,22212392,80763661,275035161,1014758609,4828587120,
432,576,1274,16588,52734,122385,472364,1500190,5282150,22194901,80687890,274626113,1013333653,4823044093,
432,576,1274,16588,52734,122385,472364,1500170,5282091,22194981,80687976,274639855,1013344975,4823181683,
432,576,1278,16609,52763,121962,470538,1499813,5301288,22252501,80524626,273223039,1011203585,4841795096,
432,576,1274,16588,52734,122385,472365,1500188,5282229,22195122,80684578,274636836,1013394520,4823551825,
432,576,1278,16609,52763,121962,470538,1499799,5301340,22252433,80525002,273221389,1011198632,4841796029,
432,576,1274,16588,52734,122385,472365,1500194,5282340,22194974,80684868,274621444,1013378245,4823415168,
432,576,1275,16575,52742,122264,472238,1498530,5267207,22169140,80598787,274345671,1012178393,4813796764,
432,576,1275,16587,52734,122507,472815,1500510,5287291,22212095,80765320,275046442,1014718843,4828409531,
432,576,1278,16604,52757,122029,470303,1498988,5288207,22231187,80486534,273196832,1010725537,4835838976,
432,576,1275,16587,52734,122507,472818,1500523,5287331,22212288,80761206,275043453,1014752332,4828706470,
432,576,1278,16604,52757,122029,470303,1498968,5288213,22230999,80486780,273195255,1010716884,4835731100,
432,576,1275,16575,52742,122264,472241,1498523,5267253,22169145,80594919,274341105,1012203229,4813985827,
432,576,1274,16586,52741,122050,471292,1507675,5341653,22404545,80991013,274144721,1012743440,4853747499,
432,576,1273,16582,52734,122001,470593,1506551,5323624,22366148,80875585,273699973,1010949276,4842490180,
432,576,1273,16582,52732,121995,470594,1506386,5323309,22365282,80869763,273677902,1010820189,4841753858,
432,576,1273,16582,52734,122001,470590,1506522,5323618,22365826,80874870,273697611,1010921229,4842326659,
432,576,1273,16582,52732,121995,470594,1506393,5323438,22365418,80870481,273678171,1010841551,4841923647,
432,576,1274,16586,52741,122050,471289,1507653,5341776,22404359,80991016,274142628,1012736755,4853753767,
432,576,1277,16604,52665,122978,475116,1510251,5347203,22452225,81736034,278785249,1026783820,4877305484,
432,576,1277,16592,52673,122733,474549,1508271,5327130,22409785,81567621,278084533,1024271383,4862591663,
432,576,1280,16621,52685,122502,472581,1508552,5347644,22470972,81470087,276974131,1022954328,4885424978,
432,576,1277,16592,52673,122733,474547,1508256,5327271,22409638,81563835,278077725,1024298807,4862806684,
432,576,1280,16621,52685,122502,472581,1508570,5347672,22471035,81470403,276973130,1022961097,4885518228,
432,576,1277,16604,52665,122978,475114,1510254,5347372,22452141,81732564,278777440,1026818013,4877613755,
432,576,1276,16605,52662,122852,474669,1509774,5341938,22434741,81654676,278368711,1025336272,4871955579,
432,576,1276,16605,52662,122852,474669,1509801,5341939,22435061,81656847,278379688,1025381418,4872238704,
432,576,1280,16626,52691,122431,472832,1509364,5360723,22492751,81509979,277024412,1023430031,4892068714,
432,576,1276,16605,52662,122852,474670,1509815,5342086,22435236,81653776,278375242,1025436889,4872617246,
432,576,1280,16626,52691,122431,472832,1509357,5360761,22492691,81510323,277023220,1023426822,4892063186,
432,576,1276,16605,52662,122852,474670,1509781,5342123,22434856,81651949,278363073,1025388534,4872328593,
432,576,1277,16592,52671,122727,474550,1508152,5327011,22409532,81564862,278076737,1024240291,4862583116,
432,576,1277,16604,52663,122972,475117,1510159,5347085,22452292,81735446,278788430,1026797874,4877580062,
432,576,1280,16621,52685,122502,472581,1508609,5347739,22471512,81472748,276987136,1023037730,4886076214,
432,576,1277,16604,52663,122972,475118,1510184,5347131,22452394,81731973,278782714,1026838752,4877882065,
432,576,1280,16621,52685,122502,472581,1508584,5347749,22471389,81472776,276986945,1023027752,4885977436,
432,576,1277,16592,52671,122727,474551,1508152,5327067,22409511,81561417,278070830,1024271191,4862786341,
432,576,1268,16580,52808,121499,468702,1498615,5288010,22200616,80201432,271177750,1005521580,4837717933,
432,576,1267,16576,52801,121450,468003,1497488,5269974,22162494,80087934,270740797,1003747627,4826675160,
432,576,1267,16576,52799,121444,468004,1497339,5269696,22161563,80082038,270717692,1003627385,4825913436,
432,576,1267,16576,52801,121450,468000,1497459,5269967,22162175,80087219,270738331,1003718985,4826506929,
432,576,1267,16576,52799,121444,468004,1497346,5269824,22161694,80082772,270718081,1003649151,4826090422,
432,576,1268,16580,52808,121499,468699,1498593,5288131,22200428,80201451,271175673,1005514704,4837726688,
432,576,1271,16598,52732,122427,472526,1501170,5293740,22251047,80957335,275858590,1019692511,4861903997,
432,576,1271,16586,52740,122182,471959,1499191,5273653,22208704,80791170,275166568,1017219514,4847480874,
432,576,1274,16615,52752,121951,469991,1499519,5294551,22270053,80685431,274022274,1015769594,4869531046,
432,576,1271,16586,52740,122182,471957,1499186,5273796,22208509,80787419,275159642,1017248456,4847702585,
432,576,1274,16615,52752,121951,469991,1499535,5294583,22270152,80685823,274021641,1015778385,4869635887,
432,576,1271,16598,52732,122427,472524,1501181,5293915,22250951,80953976,275851031,1019730244,4862230549,
432,576,1270,16599,52729,122301,472079,1500709,5288458,22233558,80876168,275441878,1018268900,4856610820,
432,576,1270,16599,52729,122301,472079,1500708,5288452,22233876,80878145,275453843,1018300930,4856922287,
432,576,1274,16620,52758,121880,470242,1500334,5307583,22291617,80723658,274065620,1016240178,4876042366,
432,576,1270,16599,52729,122301,472080,1500732,5288602,22234000,80875109,275449383,1018358514,4857312229,
432,576,1274,16620,52758,121880,470242,1500324,5307616,22291568,80724037,274064262,1016235609,4876039497,
432,576,1270,16599,52729,122301,472080,1500723,5288641,22233633,80873511,275436060,1018321915,4856997893,
432,576,1271,16586,52738,122176,471960,1499084,5273523,22208426,80788453,275158381,1017193427,4847472163,
432,576,1271,16598,52730,122421,472527,1501062,5293604,22251087,80956595,275862368,1019698454,4862206753,
432,576,1274,16615,52752,121951,469991,1499570,5294603,22270674,80688268,274036170,1015850774,4870211914,
432,576,1271,16598,52730,122421,472528,1501095,5293658,22251179,80953217,275856886,1019743063,4862524550,
432,576,1274,16615,52752,121951,469991,1499544,5294604,22270526,80688255,274035445,1015837414,4870104204,
432,576,1271,16586,52738,122176,471961,1499091,5273578,22208370,80785062,275152174,1017224676,4847682250,
432,576,1272,16587,52766,121459,470795,1504591,5314547,22259747,80196777,270110596,995419307,4781445518,
432,576,1271,16583,52760,121404,470106,1503453,5296305,22221406,80082144,269668967,993602997,4770203664,
432,576,1271,16583,52757,121404,470092,1503327,5296226,22220396,80079597,269645338,993495390,4769630879,
432,576,1271,16583,52760,121404,470101,1503414,5296362,22220943,80081716,269665920,993575010,4770037459,
432,576,1271,16583,52757,121404,470092,1503342,5296334,22220557,80080265,269645439,993515236,4769803988,
432,576,1272,16587,52766,121459,470790,1504567,5314712,22259445,80197017,270107650,995411166,4781452422,
432,576,1275,16605,52691,122379,474619,1507205,5319953,22310081,80946772,274749780,1009382380,4804617392,
432,576,1275,16593,52699,122136,474042,1505221,5299928,22267425,80781888,274053530,1006872555,4790071587,
432,576,1278,16622,52711,121901,472087,1505465,5320353,22327815,80674673,272914834,1005472530,4812730468,
432,576,1275,16593,52699,122136,474036,1505196,5300107,22267109,80777502,274047450,1006892944,4790241315,
432,576,1278,16622,52711,121901,472087,1505467,5320418,22327905,80674745,272914348,1005475494,4812829911,
432,576,1275,16605,52691,122379,474613,1507182,5320197,22309855,80942458,274743214,1009405733,4804886563,
432,576,1274,16606,52688,122257,474151,1506784,5314775,22292941,80870218,274337414,1008033957,4799481318,
432,576,1274,16606,52688,122257,474151,1506770,5314746,22293162,80870965,274349890,1008065249,4799615371,
432,576,1278,16627,52717,121834,472322,1506308,5333496,22350026,80715299,272967726,1006048024,4819409033,
432,576,1274,16606,52688,122257,474150,1506784,5314868,22293309,80867007,274346857,1008113625,4799951304,
432,576,1278,16627,52717,121834,472322,1506294,5333553,22349955,80715722,272966059,1006044047,4819409324,
432,576,1274,16606,52688,122257,474150,1506784,5314954,22293017,80866683,274332714,1008078356,4799817542,
432,576,1275,16593,52696,122136,474028,1505132,5299893,22267168,80780250,274045358,1006848502,4790053182,
432,576,1275,16605,52688,122379,474605,1507102,5319889,22310045,80945881,274754084,1009389619,4804733040,
432,576,1278,16622,52711,121901,472087,1505489,5320354,22328497,80674986,272929704,1005539202,4813211182,
432,576,1275,16605,52688,122379,474604,1507103,5319968,22310121,80941327,274750464,1009421113,4804995307,
432,576,1278,16622,52711,121901,472087,1505473,5320346,22328336,80675337,272928523,1005532261,4813112030,
432,576,1275,16593,52696,122136,474027,1505117,5299964,22267083,80776047,274040557,1006873055,4790216297,
432,576,1266,16581,52848,120881,467967,1495505,5253905,22046027,79384810,266767072,987289756,4766262762,
432,576,1265,16577,52842,120826,467278,1494364,5235684,22008196,79272014,266334710,985496580,4755332439,
432,576,1265,16577,52839,120826,467264,1494254,5235648,22007055,79269542,266310469,985400067,4754717014,
432,576,1265,16577,52842,120826,467273,1494325,5235740,22007738,79271574,266331554,985468011,4755161353,
432,576,1265,16577,52839,120826,467264,1494269,5235755,22007209,79270238,266310689,985420323,4754897492,
432,576,1266,16581,52848,120881,467962,1495481,5254068,22045723,79385066,266764136,987281443,4766272154,
432,576,1269,16599,52773,121801,471791,1498129,5259593,22099011,80146545,271449105,1001433610,4790189725,
432,576,1269,16587,52781,121558,471214,1496145,5239579,22056660,79983958,270764003,998975568,4776024729,
432,576,1272,16616,52793,121323,469259,1496467,5260344,22116864,79867872,269587887,997371738,4797645970,
432,576,1269,16587,52781,121558,471208,1496130,5239760,22056310,79979625,270757547,998998632,4776202796,
432,576,1272,16616,52793,121323,469259,1496467,5260413,22116986,79868040,269587949,997376134,4797760689,
432,576,1269,16599,52773,121801,471785,1498114,5259843,22098783,80142380,271442711,1001461070,4790482511,
432,576,1268,16600,52770,121679,471323,1497723,5254404,22081838,80070220,271038174,1000112531,4785119376,
432,576,1268,16600,52770,121679,471323,1497681,5254365,22082107,80070690,271051004,1000130668,4785299695,
432,576,1272,16621,52799,121256,469494,1497312,5273412,22138663,79906815,269633559,997940348,4804121369,
432,576,1268,16600,52770,121679,471322,1497705,5254490,22082215,80066797,271047704,1000182301,4785648848,
432,576,1272,16621,52799,121256,469494,1497295,5273464,22138603,79907273,269631791,997934900,4804124492,
432,576,1268,16600,52770,121679,471322,1497730,5254581,22081886,80066785,271033106,1000158716,4785471652,
432,576,1269,16587,52778,121558,471200,1496068,5239542,22056342,79982417,270755486,998954430,4776021210,
432,576,1269,16599,52770,121801,471777,1498010,5259517,22098962,80145474,271453418,1001430609,4790366525,
432,576,1272,16616,52793,121323,469259,1496485,5260305,22117655,79868275,269603453,997431253,4798192117,
432,576,1269,16599,52770,121801,471776,1498019,5259604,22099038,80141053,271449960,1001466382,4790649919,
432,576,1272,16616,52793,121323,469259,1496468,5260288,22117473,79868565,269601623,997421409,4798080521,
432,576,1269,16587,52778,121558,471199,1496060,5239612,22056236,79978286,270750198,998980359,4776193008,
432,576,1268,16598,52777,121468,470509,1504984,5319033,22313767,80381973,270734042,999764989,4814470599,
432,576,1267,16594,52770,121419,469809,1503879,5300962,22275889,80268573,270291153,998010295,4803414707,
432,576,1267,16594,52768,121413,469808,1503742,5300722,22274846,80264102,270267277,997883783,4802664564,
432,576,1267,16594,52770,121419,469804,1503846,5300993,22275468,80268075,270288351,997981892,4803249699,
432,576,1267,16594,52768,121413,469810,1503753,5300814,22275068,80264652,270267880,997905533,4802834784,
432,576,1268,16598,52777,121468,470506,1504962,5319156,22313568,80382025,270731843,999758336,4814475811,
432,576,1271,16616,52701,122396,474331,1507549,5324675,22362480,81124811,275371560,1013758556,4837407800,
432,576,1271,16604,52709,122151,473764,1505589,5304724,22320500,80960716,274672134,1011310621,4823019410,
432,576,1274,16633,52721,121920,471790,1505863,5325036,22381013,80862761,273556708,1009926802,4845884324,
432,576,1271,16604,52709,122151,473758,1505576,5304889,22320237,80956628,274664448,1011336776,4823223901,
432,576,1274,16633,52721,121920,471790,1505875,5325087,22381076,80863117,273555757,1009933713,4845986531,
432,576,1271,16616,52701,122396,474325,1507548,5324891,22362280,81121079,275362923,1013791622,4837714498,
432,576,1270,16617,52698,122270,473881,1507109,5319452,22345586,81047154,274959183,1012393097,4832227446,
432,576,1270,16617,52698,122270,473881,1507114,5319476,22346054,81049745,274970671,1012445506,4832533945,
432,576,1274,16638,52727,121849,472041,1506665,5338124,22403040,80902975,273611096,1010442549,4852510005,
432,576,1270,16617,52698,122270,473880,1507134,5319610,22346212,81046155,274965787,1012500064,4832903444,
432,576,1274,16638,52727,121849,472041,1506655,5338162,22402992,80903383,273609749,1010439058,4852506051,
432,576,1270,16617,52698,122270,473880,1507119,5319624,22345696,81043972,274952952,1012444164,4832592991,
432,576,1271,16604,52707,122145,473765,1505492,5304598,22320499,80958706,274664877,1011285237,4823013527,
432,576,1271,16616,52699,122390,474332,1507457,5324573,22362947,81125392,275375791,1013785581,4837708416,
432,576,1274,16633,52721,121920,471790,1505904,5325109,22381896,80865028,273571773,1010013091,4846560571,
432,576,1271,16616,52699,122390,474329,1507478,5324666,22362946,81121608,275369353,1013825300,4838009902,
432,576,1274,16633,52721,121920,471790,1505882,5325096,22381785,80865080,273571377,1010002689,4846454410,
432,576,1271,16604,52707,122145,473762,1505491,5304678,22320387,80954974,274658043,1011314554,4823208852,
432,576,1262,16592,52814,120569,467251,1493462,5249381,22045883,79299994,266603931,989713235,4789759018,
432,576,1261,16588,52807,120520,466551,1492354,5231331,22008459,79188566,266170854,987985928,4779006609,
432,576,1261,16588,52805,120514,466550,1492233,5231128,22007327,79184062,266146713,987869600,4778211856,
432,576,1261,16588,52807,120520,466546,1492321,5231361,22008041,79188064,266167951,987956964,4778836563,
432,576,1261,16588,52805,120514,466552,1492244,5231219,22007544,79184628,266147443,987891694,4778389342,
432,576,1262,16592,52814,120569,467248,1493440,5249502,22045682,79300058,266601758,989706365,4789766458,
432,576,1265,16610,52738,121497,471073,1496006,5255227,22097569,80054466,271280720,1003805362,4813217304,
432,576,1265,16598,52746,121252,470506,1494047,5235292,22055843,79892710,270593293,1001411044,4799215274,
432,576,1268,16627,52758,121021,468532,1494368,5255956,22116197,79785746,269442905,999885767,4821230374,
432,576,1265,16598,52746,121252,470500,1494044,5235459,22055516,79888677,270585762,1001441171,4799420012,
432,576,1268,16627,52758,121021,468532,1494378,5256011,22116294,79786172,269442492,999894545,4821344995,
432,576,1265,16610,52738,121497,471067,1496013,5255449,22097339,80050859,271272776,1003844267,4813536663,
432,576,1264,16611,52735,121371,470623,1495582,5249989,22080695,79977001,270869521,1002468925,4808107210,
432,576,1264,16611,52735,121371,470623,1495559,5250006,22081185,79979341,270881302,1002508098,4808461908,
432,576,1268,16632,52764,120950,468783,1495173,5268971,22137879,79824213,269488924,1000392965,4827667442,
432,576,1264,16611,52735,121371,470622,1495589,5250143,22081276,79975810,270876674,1002567189,4808836692,
432,576,1268,16632,52764,120950,468783,1495160,5269004,22137842,79824654,269487466,1000388018,4827666376,
432,576,1264,16611,52735,121371,470622,1495599,5250159,22080749,79973911,270863435,1002523069,4808480928,
432,576,1265,16598,52744,121246,470507,1493962,5235155,22055817,79890759,270585524,1001389155,4799212353,
432,576,1265,16610,52736,121491,471074,1495898,5255107,22098033,80054855,271284732,1003822646,4813569081,
432,576,1268,16627,52758,121021,468532,1494403,5255986,22117183,79788159,269458134,999966890,4821959341,
432,576,1265,16610,52736,121491,471071,1495927,5255208,22098004,80051184,271278961,1003868421,4813881000,
432,576,1268,16627,52758,121021,468532,1494380,5255964,22117049,79788174,269457089,999953165,4821843654,
432,576,1265,16598,52744,121246,470504,1493968,5235234,22055654,79887103,270578708,1001421205,4799408585,
432,576,1276,16566,52710,121838,471014,1504011,5328498,22308304,80519652,272475760,1005117099,4807593113,
432,576,1275,16562,52705,121775,470352,1502798,5310371,22269539,80402651,272037522,1003272804,4796257803,
432,576,1275,16562,52703,121769,470354,1502680,5309953,22269512,80399066,272014311,1003173356,4795716656,
432,576,1275,16562,52706,121769,470362,1502799,5310109,22269997,80401816,272034372,1003254105,4796108359,
432,576,1275,16562,52702,121775,470340,1502653,5310374,22268718,80400353,272013966,1003185717,4795864036,
432,576,1276,16566,52710,121838,471010,1503985,5328657,22307968,80520104,272472265,1005110761,4807591049,
432,576,1279,16584,52636,122756,474830,1506600,5333593,22356317,81269672,277096470,1019018468,4831111191,
432,576,1279,16572,52644,122515,474241,1504660,5313348,22313600,81101306,276402565,1016467566,4816378912,
432,576,1282,16601,52658,122270,472304,1504856,5333174,22373872,80988094,275229791,1015026275,4838362834,
432,576,1279,16572,52645,122509,474250,1504629,5313041,22313733,81093372,276383579,1016472236,4816336238,
432,576,1282,16601,52658,122270,472304,1504867,5333227,22373768,80988132,275228396,1015017997,4838430895,
432,576,1279,16584,52637,122750,474839,1506580,5333339,22356346,81261776,277076089,1019014860,4831136578,
432,576,1278,16585,52635,122622,474393,1506179,5328007,22339754,81190317,276681619,1017622450,4825865272,
432,576,1278,16585,52635,122622,474393,1506185,5327963,22339763,81190832,276693278,1017647114,4825970176,
432,576,1282,16606,52664,122205,472527,1505766,5346133,22396101,81029325,275276389,1015574000,4844993372,
432,576,1278,16585,52635,122622,474392,1506153,5327918,22339438,81183733,276677442,1017670483,4826076946,
432,576,1282,16606,52664,122205,472527,1505761,5346168,22396025,81029864,275274465,1015571915,4844990145,
432,576,1278,16585,52635,122622,474392,1506142,5327997,22339353,81183757,276663859,1017643734,4825968815,
432,576,1279,16572,52641,122515,474229,1504545,5313337,22313144,81098902,276395747,1016437901,4816354865,
432,576,1279,16584,52633,122756,474818,1506491,5333538,22355870,81267783,277101311,1019013467,4831192048,
432,576,1282,16601,52658,122270,472304,1504897,5333213,22374133,80988026,275245134,1015075419,4838800615,
432,576,1279,16584,52634,122750,474831,1506497,5333125,22356235,81259435,277084425,1019016197,4831219499,
432,576,1282,16601,52658,122270,472304,1504881,5333195,22374161,80988527,275244605,1015081612,4838729327,
432,576,1279,16572,52642,122509,474242,1504535,5312906,22313537,81091055,276378332,1016446824,4816311028,
432,576,1270,16560,52822,121608,468860,1497289,5283819,22156963,79996135,270298375,999798114,4800926498,
432,576,1269,16556,52817,121545,468198,1496073,5265700,22118486,79881042,269867223,997971161,4789821347,
432,576,1269,16556,52815,121539,468200,1495971,5265324,22118365,79877462,269842676,997880497,4789260792,
432,576,1269,16556,52818,121539,468208,1496074,5265440,22118969,79880101,269864319,997951101,4789674389,
432,576,1269,16556,52814,121545,468186,1495944,5265741,22117550,79878843,269842095,997893407,4789406965,
432,576,1270,16560,52822,121608,468856,1497263,5283976,22156631,79996575,270294890,999790964,4800925713,
432,576,1273,16578,52748,122526,472676,1499894,5289221,22207032,80756738,274965627,1013896048,4825238051,
432,576,1273,16566,52756,122285,472087,1497957,5268959,22164453,80590542,274280046,1011384109,4810788010,
432,576,1276,16595,52770,122040,470150,1498246,5289146,22224754,80469688,273072001,1009734557,4831785567,
432,576,1273,16566,52757,122279,472096,1497945,5268628,22164642,80583037,274260283,1011386373,4810779705,
432,576,1276,16595,52770,122040,470150,1498252,5289205,22224667,80469900,273070620,1009726034,4831861548,
432,576,1273,16578,52749,122520,472685,1499888,5288949,22207134,80749445,274944483,1013889789,4825305727,
432,576,1272,16579,52747,122392,472239,1499488,5283628,22190456,80677580,274550998,1012523580,4820051491,
432,576,1272,16579,52747,122392,472239,1499469,5283560,22190538,80677760,274563951,1012536170,4820181820,
432,576,1276,16600,52776,121975,470373,1499158,5302048,22246776,80509203,273113071,1010279706,4838264713,
432,576,1272,16579,52747,122392,472238,1499456,5283489,22190244,80671196,274547092,1012558494,4820320473,
432,576,1276,16600,52776,121975,470373,1499147,5302088,22246693,80509769,273111085,1010275084,4838265158,
432,576,1272,16579,52747,122392,472238,1499464,5283597,22190079,80671582,274532153,1012541282,4820190589,
432,576,1273,16566,52753,122285,472075,1497851,5268956,22163892,80588266,274272845,1011356345,4810770922,
432,576,1273,16578,52745,122526,472664,1499769,5289150,22206553,80754642,274971379,1013880874,4825351292,
432,576,1276,16595,52770,122040,470150,1498275,5289161,22225042,80469823,273088547,1009776024,4832258842,
432,576,1273,16578,52746,122520,472677,1499789,5288721,22206987,80746909,274953720,1013881765,4825419753,
432,576,1276,16595,52770,122040,470150,1498258,5289142,22225046,80470177,273087942,1009779925,4832183306,
432,576,1273,16566,52754,122279,472088,1497854,5268508,22164330,80580887,274254581,1011361137,4810763847,
432,576,1272,16577,52751,122071,471131,1507002,5344094,22398599,80983012,274078388,1011980888,4850892393,
432,576,1271,16573,52745,122014,470458,1505831,5326078,22360335,80866836,273636263,1010196749,4839630574,
432,576,1271,16573,52744,122002,470471,1505711,5325461,22360311,80860987,273613855,1010076107,4838912751,
432,576,1271,16573,52746,122008,470468,1505841,5325786,22360807,80866078,273633469,1010177316,4839481998,
432,576,1271,16573,52743,122008,470457,1505688,5325864,22359541,80862250,273613525,1010090310,4839054083,
432,576,1272,16577,52751,122071,471127,1506989,5344205,22398301,80983517,274075264,1011975658,4850885149,
432,576,1275,16595,52676,122997,474943,1509555,5349304,22445092,81726800,278698032,1025919098,4874104604,
432,576,1275,16583,52684,122754,474362,1507661,5329005,22403201,81558126,277999547,1023424945,4859412781,
432,576,1278,16612,52698,122513,472408,1507867,5348737,22463659,81454433,276854861,1022003313,4881706281,
432,576,1275,16583,52685,122748,474371,1507643,5328675,22403333,81550599,277979744,1023435200,4859387341,
432,576,1278,16612,52698,122513,472408,1507884,5348781,22463529,81454704,276853117,1021998092,4881769467,
432,576,1275,16595,52677,122991,474952,1509554,5349018,22445094,81719544,278676485,1025924132,4874142350,
432,576,1274,16596,52675,122859,474526,1509104,5343668,22428636,81646092,278281732,1024499902,4868800985,
432,576,1274,16596,52675,122859,474526,1509134,5343659,22428912,81648484,278292039,1024546471,4869079123,
432,576,1278,16617,52704,122444,472651,1508707,5361734,22485491,81495750,276903094,1022488898,4888382304,
432,576,1274,16596,52675,122859,474525,1509106,5343621,22428572,81641715,278275030,1024576159,4869202259,
432,576,1278,16617,52704,122444,472651,1508709,5361750,22485392,81496455,276901341,1022488141,4888371592,
432,576,1274,16596,52675,122859,474525,1509078,5343646,22428197,81640028,278262970,1024528833,4868913409,
432,576,1275,16583,52682,122748,474361,1507544,5328904,22402929,81555317,277992090,1023392146,4859400580,
432,576,1275,16595,52674,122991,474942,1509468,5349194,22445096,81726383,278700882,1025932868,4874370541,
432,576,1278,16612,52698,122513,472408,1507910,5348894,22464051,81456481,276868398,1022071732,4882333757,
432,576,1275,16595,52675,122985,474955,1509480,5348797,22445396,81718622,278682459,1025943132,4874415531,
432,576,1278,16612,52698,122513,472408,1507895,5348866,22464082,81456915,276868389,1022076196,4882259859,
432,576,1275,16583,52683,122742,474374,1507541,5328479,22403260,81547990,277973658,1023406874,4859371672,
432,576,1266,16571,52818,121520,468547,1497844,5290539,22195357,80194112,271102188,1004753903,4834970227,
432,576,1265,16567,52812,121463,467874,1496670,5272531,22157331,80079940,270667708,1002991825,4823928568,
432,576,1265,16567,52811,121451,467887,1496566,5271950,22157250,80074010,270644191,1002879412,4823189364,
432,576,1265,16567,52813,121457,467884,1496680,5272241,22157825,80079088,270665096,1002971327,4823781974,
432,576,1265,16567,52810,121457,467873,1496543,5272349,22156462,80075345,270643697,1002893975,4823329422,
432,576,1266,16571,52818,121520,468543,1497831,5290648,22195063,80194595,271099082,1004747968,4834963691,
432,576,1269,16589,52743,122446,472359,1500382,5295980,22244245,80948571,275764232,1018807915,4858753332,
432,576,1269,16577,52751,122203,471778,1498492,5275669,22202441,80782103,275074960,1016354836,4844348802,
432,576,1272,16606,52765,121962,469824,1498760,5295773,22262995,80670721,273896941,1014787531,4865853456,
432,576,1269,16577,52752,122197,471787,1498493,5275315,22202611,80775004,275054693,1016365087,4844348847,
432,576,1272,16606,52765,121962,469824,1498772,5295823,22262882,80671163,273895111,1014782819,4865921879,
432,576,1269,16589,52744,122440,472368,1500395,5295676,22244302,80941914,275742135,1018813454,4858821800,
432,576,1268,16590,52742,122308,471942,1499947,5290333,22227837,80867950,275347970,1017414851,4853512638,
432,576,1268,16590,52742,122308,471942,1499952,5290303,22228164,80870012,275359561,1017449217,4853818145,
432,576,1272,16611,52771,121893,470067,1499603,5308715,22284694,80710202,273938676,1015268958,4872393625,
432,576,1268,16590,52742,122308,471941,1499943,5290239,22227840,80863765,275341906,1017479966,4853964784,
432,576,1272,16611,52771,121893,470067,1499599,5308736,22284588,80710929,273936856,1015265814,4872386036,
432,576,1268,16590,52742,122308,471941,1499934,5290290,22227407,80862430,275328495,1017442456,4853651688,
432,576,1269,16577,52749,122197,471777,1498384,5275567,22202104,80779345,275067050,1016324328,4844332652,
432,576,1269,16589,52741,122440,472358,1500279,5295848,22244235,80947875,275767913,1018811773,4859042689,
432,576,1272,16606,52765,121962,469824,1498791,5295903,22263414,80673000,273911212,1014850161,4866504875,
432,576,1269,16589,52742,122434,472371,1500305,5295435,22244586,80940735,275748922,1018823247,4859117693,
432,576,1272,16606,52765,121962,469824,1498775,5295874,22263421,80673285,273911222,1014851729,4866428863,
432,576,1269,16577,52750,122191,471790,1498394,5275125,22202462,80772490,275048069,1016337370,4844331644,
432,576,1270,16578,52776,121480,470628,1503852,5316772,22255376,80185343,270058424,994672349,4778681733,
432,576,1269,16574,52771,121417,469967,1502653,5298593,22217038,80070399,269618296,992865792,4767438705,
432,576,1269,16574,52769,121411,469969,1502554,5298248,22216828,80067744,269594621,992767419,4766885866,
432,576,1269,16574,52772,121411,469977,1502645,5298368,22217413,80069706,269615182,992846054,4767294124,
432,576,1269,16574,52768,121417,469955,1502536,5298630,22216122,80068856,269594506,992779468,4767031696,
432,576,1270,16578,52776,121480,470624,1503826,5316929,22255045,80185762,270055195,994664660,4778682982,
432,576,1273,16596,52702,122398,474446,1506464,5321938,22304135,80934681,274675084,1008547462,4801571886,
432,576,1273,16584,52710,122157,473857,1504549,5301751,22261859,80770018,273980046,1006053620,4787056089,
432,576,1276,16613,52724,121912,471922,1504755,5321389,22321596,80656629,272807322,1004561771,4809220048,
432,576,1273,16584,52711,122151,473866,1504519,5301468,22261918,80761607,273962019,1006057761,4787007797,
432,576,1276,16613,52724,121912,471922,1504759,5321461,22321491,80656767,272805478,1004553595,4809290697,
432,576,1273,16596,52703,122392,474455,1506438,5321727,22304089,80926408,274655213,1008543427,4801594243,
432,576,1272,16597,52701,122264,474010,1506070,5316362,22288059,80858589,274263228,1007224655,4796479136,
432,576,1272,16597,52701,122264,474010,1506057,5316323,22288290,80859355,274275247,1007255433,4796609044,
432,576,1276,16618,52730,121847,472145,1505659,5334337,22344068,80698136,272859269,1005143894,4815923165,
432,576,1272,16597,52701,122264,474009,1506035,5316265,22287974,80851637,274260334,1007279312,4796705333,
432,576,1276,16618,52730,121847,472145,1505648,5334383,22343982,80698726,272857350,1005140201,4815922721,
432,576,1272,16597,52701,122264,474009,1506037,5316350,22287657,80851461,274246396,1007244841,4796574981,
432,576,1273,16584,52707,122157,473845,1504449,5301747,22261542,80768474,273972927,1006029478,4787033926,
432,576,1273,16596,52699,122398,474434,1506351,5321895,22304049,80933903,274679984,1008554098,4801679631,
432,576,1276,16613,52724,121912,471922,1504776,5321420,22322090,80656766,272822149,1004615777,4809675543,
432,576,1273,16596,52700,122392,474447,1506351,5321527,22304334,80925211,274663342,1008557752,4801700739,
432,576,1276,16613,52724,121912,471922,1504761,5321394,22322109,80657218,272822074,1004620260,4809604450,
432,576,1273,16584,52708,122151,473858,1504434,5301353,22261846,80760234,273956210,1006037615,4786983941,
432,576,1264,16572,52858,120902,467806,1494668,5256218,22042366,79373942,266705621,986543269,4763571999,
432,576,1263,16568,52853,120839,467145,1493466,5238075,22004486,79260943,266274677,984761218,4752647119,
432,576,1263,16568,52851,120833,467147,1493383,5237772,22004158,79258331,266250464,984672752,4752055483,
432,576,1263,16568,52854,120833,467155,1493458,5237852,22004886,79260138,266271831,984740002,4752504132,
432,576,1263,16568,52850,120839,467133,1493365,5238150,22003431,79259537,266250119,984685355,4752201054,
432,576,1264,16572,52858,120902,467802,1494642,5256373,22042039,79374343,266702430,986534656,4763574583,
432,576,1267,16590,52784,121820,471624,1497296,5261715,22093428,80134772,271367606,1000582831,4787153843,
432,576,1267,16578,52792,121579,471035,1495384,5241541,22051437,79972407,270684214,998142125,4773016835,
432,576,1270,16607,52806,121334,469100,1495683,5261508,22110928,79850732,269474484,996433774,4794135145,
432,576,1267,16578,52793,121573,471044,1495373,5241234,22051554,79964494,270665244,998147150,4772997797,
432,576,1270,16607,52806,121334,469100,1495682,5261586,22110855,79851002,269472782,996425465,4794215450,
432,576,1267,16590,52785,121814,471633,1497284,5261486,22093472,80127129,271346934,1000579547,4787215110,
432,576,1266,16591,52783,121686,471188,1496917,5256134,22077348,80058919,270957351,999288655,4782133204,
432,576,1266,16591,52783,121686,471188,1496879,5256071,22077676,80059293,270969987,999307090,4782309274,
432,576,1270,16612,52812,121269,469323,1496589,5274373,22133056,79890490,269519386,997010115,4800631022,
432,576,1266,16591,52783,121686,471187,1496876,5255987,22077393,80052185,270953863,999333331,4782433223,
432,576,1270,16612,52812,121269,469323,1496572,5274424,22132963,79891104,269517454,997003897,4800634025,
432,576,1266,16591,52783,121686,471187,1496897,5256101,22076972,80052425,270939295,999308678,4782260156,
432,576,1267,16578,52789,121579,471023,1495293,5241545,22051015,79971002,270676617,998118351,4773004858,
432,576,1267,16590,52781,121820,471612,1497167,5261656,22093334,80133741,271372645,1000577492,4787317936,
432,576,1270,16607,52806,121334,469100,1495692,5261515,22111488,79851003,269489743,996477554,4794649538,
432,576,1267,16590,52782,121814,471625,1497181,5261272,22093705,80125697,271355164,1000582821,4787376619,
432,576,1270,16607,52806,121334,469100,1495676,5261488,22111468,79851347,269489513,996479645,4794572236,
432,576,1267,16578,52790,121573,471036,1495291,5241134,22051366,79963302,270658906,998125771,4772986239,
432,576,1266,16589,52787,121489,470330,1504179,5321745,22307988,80372367,270661379,998975317,4811555935,
432,576,1265,16585,52781,121432,469658,1503022,5303702,22270183,80258477,270220389,997234340,4800492361,
432,576,1265,16585,52780,121420,469671,1502925,5303154,22270026,80253821,270196857,997115309,4799761584,
432,576,1265,16585,52782,121426,469668,1503023,5303447,22270578,80257833,270217713,997214238,4800345905,
432,576,1265,16585,52779,121426,469657,1502911,5303518,22269340,80254921,270196697,997129198,4799902303,
432,576,1266,16589,52787,121489,470326,1504166,5321854,22307697,80372823,270658543,998969104,4811550198,
432,576,1269,16607,52712,122415,474144,1506751,5327064,22355343,81114385,275277599,1012884154,4834183839,
432,576,1269,16595,52720,122172,473563,1504886,5306847,22313979,80949991,274580490,1010455708,4819818181,
432,576,1272,16624,52734,121931,471611,1505102,5326374,22373811,80845849,273433504,1008974758,4842170758,
432,576,1269,16595,52721,122166,473572,1504869,5306541,22314039,80941997,274561768,1010465559,4819789905,
