4,5,6,7,8,9,10,11,12,13,14,15,16,17,18,19,20,21,22,23,24,
192,1024,2224,7288,40385,255176,1131391,4180890,16595910,72377664,318820339,1334166326,5366010332,21581474008,87487451389,353433002726,1412684424186,5580427828864,21896946221710,85554259861756,332414126322204,
192,1024,2224,7288,40385,255176,1131391,4180890,16595910,72377664,318820339,1334166326,5366010332,21581474008,87487451389,353433002726,1412684424186,5580427828864,21896946221710,85554259861756,332414126322204,
192,1024,2228,7288,40424,255504,1131216,4186392,16617470,72469480,319218242,1335439932,5373505332,21613649056,87617694560,353971156568,1414818371106,5589511252136,21934006415262,85701117443820,332999261967036,
192,1024,2224,7288,40385,255176,1131391,4180890,16595910,72377664,318820339,1334166326,5366010332,21581474008,87487451389,353433002726,1412684424186,5580427828864,21896946221710,85554259861756,332414126322204,
192,1024,2228,7288,40424,255504,1131216,4186392,16617470,72469480,319218242,1335439932,5373505332,21613649056,87617694560,353971156568,1414818371106,5589511252136,21934006415262,85701117443820,332999261967036,
192,1024,2224,7288,40385,255176,1131391,4180890,16595910,72377664,318820339,1334166326,5366010332,21581474008,87487451389,353433002726,1412684424186,5580427828864,21896946221710,85554259861756,332414126322204,
194,1016,2264,7160,40883,256152,1134870,4192132,16613061,72761532,320305218,1339346612,5384509292,21660395968,87868481149,354993832982,1418540123280,5603323019176,21988786331498,85921956000284,333849930744566,
194,1016,2264,7160,40883,256152,1134870,4192132,16613061,72761532,320305218,1339346612,5384509292,21660395968,87868481149,354993832982,1418540123280,5603323019176,21988786331498,85921956000284,333849930744566,
192,1024,2228,7288,40424,255504,1131216,4186392,16617470,72469480,319218242,1335439932,5373505332,21613649056,87617694560,353971156568,1414818371106,5589511252136,21934006415262,85701117443820,332999261967036,
194,1016,2264,7160,40883,256152,1134870,4192132,16613061,72761532,320305218,1339346612,5384509292,21660395968,87868481149,354993832982,1418540123280,5603323019176,21988786331498,85921956000284,333849930744566,
192,1024,2228,7288,40424,255504,1131216,4186392,16617470,72469480,319218242,1335439932,5373505332,21613649056,87617694560,353971156568,1414818371106,5589511252136,21934006415262,85701117443820,332999261967036,
194,1016,2264,7160,40883,256152,1134870,4192132,16613061,72761532,320305218,1339346612,5384509292,21660395968,87868481149,354993832982,1418540123280,5603323019176,21988786331498,85921956000284,333849930744566,
194,1016,2264,7160,40883,256152,1134870,4192132,16613061,72761532,320305218,1339346612,5384509292,21660395968,87868481149,354993832982,1418540123280,5603323019176,21988786331498,85921956000284,333849930744566,
194,1016,2260,7160,40828,255872,1135135,4185666,16589973,72666180,319949177,1338025802,5376292884,21627529208,87739281160,354466256536,1416369709020,5594040955904,21951775663192,85776616607976,333271037893208,
192,1024,2224,7288,40385,255176,1131391,4180890,16595910,72377664,318820339,1334166326,5366010332,21581474008,87487451389,353433002726,1412684424186,5580427828864,21896946221710,85554259861756,332414126322204,
194,1016,2260,7160,40828,255872,1135135,4185666,16589973,72666180,319949177,1338025802,5376292884,21627529208,87739281160,354466256536,1416369709020,5594040955904,21951775663192,85776616607976,333271037893208,
192,1024,2224,7288,40385,255176,1131391,4180890,16595910,72377664,318820339,1334166326,5366010332,21581474008,87487451389,353433002726,1412684424186,5580427828864,21896946221710,85554259861756,332414126322204,
194,1016,2264,7160,40883,256152,1134870,4192132,16613061,72761532,320305218,1339346612,5384509292,21660395968,87868481149,354993832982,1418540123280,5603323019176,21988786331498,85921956000284,333849930744566,
194,1016,2264,7160,40883,256152,1134870,4192132,16613061,72761532,320305218,1339346612,5384509292,21660395968,87868481149,354993832982,1418540123280,5603323019176,21988786331498,85921956000284,333849930744566,
194,1016,2260,7160,40828,255872,1135135,4185666,16589973,72666180,319949177,1338025802,5376292884,21627529208,87739281160,354466256536,1416369709020,5594040955904,21951775663192,85776616607976,333271037893208,
192,1024,2224,7288,40385,255176,1131391,4180890,16595910,72377664,318820339,1334166326,5366010332,21581474008,87487451389,353433002726,1412684424186,5580427828864,21896946221710,85554259861756,332414126322204,
194,1016,2260,7160,40828,255872,1135135,4185666,16589973,72666180,319949177,1338025802,5376292884,21627529208,87739281160,354466256536,1416369709020,5594040955904,21951775663192,85776616607976,333271037893208,
192,1024,2224,7288,40385,255176,1131391,4180890,16595910,72377664,318820339,1334166326,5366010332,21581474008,87487451389,353433002726,1412684424186,5580427828864,21896946221710,85554259861756,332414126322204,
194,1016,2264,7160,40883,256152,1134870,4192132,16613061,72761532,320305218,1339346612,5384509292,21660395968,87868481149,354993832982,1418540123280,5603323019176,21988786331498,85921956000284,333849930744566,
192,1024,2206,7324,40421,254888,1128746,4172444,16595474,72329512,318376578,1332006204,5358841329,21559665040,87393158076,352991980752,1410908011982,5573799570008,21872258508882,85458127155500,332037679711432,
192,1024,2206,7324,40421,254888,1128746,4172444,16595474,72329512,318376578,1332006204,5358841329,21559665040,87393158076,352991980752,1410908011982,5573799570008,21872258508882,85458127155500,332037679711432,
192,1024,2210,7324,40439,255240,1128945,4176694,16614554,72413464,318792544,1333366608,5365721980,21589935592,87518952936,353525863536,1413019383282,5582576713936,21908225332450,85601833285052,332612565081094,
192,1024,2206,7324,40421,254888,1128746,4172444,16595474,72329512,318376578,1332006204,5358841329,21559665040,87393158076,352991980752,1410908011982,5573799570008,21872258508882,85458127155500,332037679711432,
192,1024,2210,7324,40439,255240,1128945,4176694,16614554,72413464,318792544,1333366608,5365721980,21589935592,87518952936,353525863536,1413019383282,5582576713936,21908225332450,85601833285052,332612565081094,
192,1024,2206,7324,40421,254888,1128746,4172444,16595474,72329512,318376578,1332006204,5358841329,21559665040,87393158076,352991980752,1410908011982,5573799570008,21872258508882,85458127155500,332037679711432,
195,1012,2266,7132,41145,256320,1133449,4188070,16618210,72861176,320425099,1338990582,5383728732,21666251568,87905580458,355089302476,1418717502108,5604215410200,21994015311158,85943988809580,333931398388956,
195,1012,2266,7132,41145,256320,1133449,4188070,16618210,72861176,320425099,1338990582,5383728732,21666251568,87905580458,355089302476,1418717502108,5604215410200,21994015311158,85943988809580,333931398388956,
192,1024,2210,7324,40439,255240,1128945,4176694,16614554,72413464,318792544,1333366608,5365721980,21589935592,87518952936,353525863536,1413019383282,5582576713936,21908225332450,85601833285052,332612565081094,
195,1012,2266,7132,41145,256320,1133449,4188070,16618210,72861176,320425099,1338990582,5383728732,21666251568,87905580458,355089302476,1418717502108,5604215410200,21994015311158,85943988809580,333931398388956,
192,1024,2210,7324,40439,255240,1128945,4176694,16614554,72413464,318792544,1333366608,5365721980,21589935592,87518952936,353525863536,1413019383282,5582576713936,21908225332450,85601833285052,332612565081094,
195,1012,2266,7132,41145,256320,1133449,4188070,16618210,72861176,320425099,1338990582,5383728732,21666251568,87905580458,355089302476,1418717502108,5604215410200,21994015311158,85943988809580,333931398388956,
195,1012,2266,7132,41145,256320,1133449,4188070,16618210,72861176,320425099,1338990582,5383728732,21666251568,87905580458,355089302476,1418717502108,5604215410200,21994015311158,85943988809580,333931398388956,
195,1012,2262,7132,41097,256032,1133558,4182036,16596216,72766304,320061415,1337620694,5375660603,21633891064,87776318166,354558324332,1416532965566,5594951351544,21957047864486,85798212062140,333350270616746,
192,1024,2206,7324,40421,254888,1128746,4172444,16595474,72329512,318376578,1332006204,5358841329,21559665040,87393158076,352991980752,1410908011982,5573799570008,21872258508882,85458127155500,332037679711432,
195,1012,2262,7132,41097,256032,1133558,4182036,16596216,72766304,320061415,1337620694,5375660603,21633891064,87776318166,354558324332,1416532965566,5594951351544,21957047864486,85798212062140,333350270616746,
192,1024,2206,7324,40421,254888,1128746,4172444,16595474,72329512,318376578,1332006204,5358841329,21559665040,87393158076,352991980752,1410908011982,5573799570008,21872258508882,85458127155500,332037679711432,
195,1012,2266,7132,41145,256320,1133449,4188070,16618210,72861176,320425099,1338990582,5383728732,21666251568,87905580458,355089302476,1418717502108,5604215410200,21994015311158,85943988809580,333931398388956,
195,1012,2266,7132,41145,256320,1133449,4188070,16618210,72861176,320425099,1338990582,5383728732,21666251568,87905580458,355089302476,1418717502108,5604215410200,21994015311158,85943988809580,333931398388956,
195,1012,2262,7132,41097,256032,1133558,4182036,16596216,72766304,320061415,1337620694,5375660603,21633891064,87776318166,354558324332,1416532965566,5594951351544,21957047864486,85798212062140,333350270616746,
192,1024,2206,7324,40421,254888,1128746,4172444,16595474,72329512,318376578,1332006204,5358841329,21559665040,87393158076,352991980752,1410908011982,5573799570008,21872258508882,85458127155500,332037679711432,
195,1012,2262,7132,41097,256032,1133558,4182036,16596216,72766304,320061415,1337620694,5375660603,21633891064,87776318166,354558324332,1416532965566,5594951351544,21957047864486,85798212062140,333350270616746,
192,1024,2206,7324,40421,254888,1128746,4172444,16595474,72329512,318376578,1332006204,5358841329,21559665040,87393158076,352991980752,1410908011982,5573799570008,21872258508882,85458127155500,332037679711432,
195,1012,2266,7132,41145,256320,1133449,4188070,16618210,72861176,320425099,1338990582,5383728732,21666251568,87905580458,355089302476,1418717502108,5604215410200,21994015311158,85943988809580,333931398388956,
192,1024,2224,7288,40359,255000,1131387,4180314,16588283,72317252,318600931,1333430806,5362764712,21565088112,87410005776,353111487960,1411403104982,5575259922424,21875411442878,85464385721668,332048924644682,
192,1024,2224,7288,40359,255000,1131387,4180314,16588283,72317252,318600931,1333430806,5362764712,21565088112,87410005776,353111487960,1411403104982,5575259922424,21875411442878,85464385721668,332048924644682,
192,1024,2228,7288,40401,255328,1131160,4186008,16610115,72411708,318992348,1334704192,5370406617,21597706288,87540991989,353650531278,1413551168840,5584439600608,21912758272156,85612080274560,332637191480056,
192,1024,2224,7288,40359,255000,1131387,4180314,16588283,72317252,318600931,1333430806,5362764712,21565088112,87410005776,353111487960,1411403104982,5575259922424,21875411442878,85464385721668,332048924644682,
192,1024,2228,7288,40401,255328,1131160,4186008,16610115,72411708,318992348,1334704192,5370406617,21597706288,87540991989,353650531278,1413551168840,5584439600608,21912758272156,85612080274560,332637191480056,
192,1024,2224,7288,40359,255000,1131387,4180314,16588283,72317252,318600931,1333430806,5362764712,21565088112,87410005776,353111487960,1411403104982,5575259922424,21875411442878,85464385721668,332048924644682,
194,1016,2264,7160,40861,255984,1134852,4191856,16604938,72704208,320105865,1338667402,5381390116,21644263256,87794775629,354691223366,1417317159105,5598345541388,21967967881552,85835444299096,333499542448702,
194,1016,2264,7160,40861,255984,1134852,4191856,16604938,72704208,320105865,1338667402,5381390116,21644263256,87794775629,354691223366,1417317159105,5598345541388,21967967881552,85835444299096,333499542448702,
192,1024,2228,7288,40401,255328,1131160,4186008,16610115,72411708,318992348,1334704192,5370406617,21597706288,87540991989,353650531278,1413551168840,5584439600608,21912758272156,85612080274560,332637191480056,
194,1016,2264,7160,40861,255984,1134852,4191856,16604938,72704208,320105865,1338667402,5381390116,21644263256,87794775629,354691223366,1417317159105,5598345541388,21967967881552,85835444299096,333499542448702,
192,1024,2228,7288,40401,255328,1131160,4186008,16610115,72411708,318992348,1334704192,5370406617,21597706288,87540991989,353650531278,1413551168840,5584439600608,21912758272156,85612080274560,332637191480056,
194,1016,2264,7160,40861,255984,1134852,4191856,16604938,72704208,320105865,1338667402,5381390116,21644263256,87794775629,354691223366,1417317159105,5598345541388,21967967881552,85835444299096,333499542448702,
194,1016,2264,7160,40861,255984,1134852,4191856,16604938,72704208,320105865,1338667402,5381390116,21644263256,87794775629,354691223366,1417317159105,5598345541388,21967967881552,85835444299096,333499542448702,
194,1016,2260,7160,40803,255704,1135159,4185234,16581966,72604616,319753010,1337357572,5373118017,21610896856,87663824056,354162770240,1415144546645,5588989244908,21930634450374,85689115639556,332918212863584,
192,1024,2224,7288,40359,255000,1131387,4180314,16588283,72317252,318600931,1333430806,5362764712,21565088112,87410005776,353111487960,1411403104982,5575259922424,21875411442878,85464385721668,332048924644682,
194,1016,2260,7160,40803,255704,1135159,4185234,16581966,72604616,319753010,1337357572,5373118017,21610896856,87663824056,354162770240,1415144546645,5588989244908,21930634450374,85689115639556,332918212863584,
192,1024,2224,7288,40359,255000,1131387,4180314,16588283,72317252,318600931,1333430806,5362764712,21565088112,87410005776,353111487960,1411403104982,5575259922424,21875411442878,85464385721668,332048924644682,
194,1016,2264,7160,40861,255984,1134852,4191856,16604938,72704208,320105865,1338667402,5381390116,21644263256,87794775629,354691223366,1417317159105,5598345541388,21967967881552,85835444299096,333499542448702,
194,1016,2264,7160,40861,255984,1134852,4191856,16604938,72704208,320105865,1338667402,5381390116,21644263256,87794775629,354691223366,1417317159105,5598345541388,21967967881552,85835444299096,333499542448702,
194,1016,2260,7160,40803,255704,1135159,4185234,16581966,72604616,319753010,1337357572,5373118017,21610896856,87663824056,354162770240,1415144546645,5588989244908,21930634450374,85689115639556,332918212863584,
192,1024,2224,7288,40359,255000,1131387,4180314,16588283,72317252,318600931,1333430806,5362764712,21565088112,87410005776,353111487960,1411403104982,5575259922424,21875411442878,85464385721668,332048924644682,
194,1016,2260,7160,40803,255704,1135159,4185234,16581966,72604616,319753010,1337357572,5373118017,21610896856,87663824056,354162770240,1415144546645,5588989244908,21930634450374,85689115639556,332918212863584,
192,1024,2224,7288,40359,255000,1131387,4180314,16588283,72317252,318600931,1333430806,5362764712,21565088112,87410005776,353111487960,1411403104982,5575259922424,21875411442878,85464385721668,332048924644682,
194,1016,2264,7160,40861,255984,1134852,4191856,16604938,72704208,320105865,1338667402,5381390116,21644263256,87794775629,354691223366,1417317159105,5598345541388,21967967881552,85835444299096,333499542448702,
192,1024,2206,7324,40395,254712,1128733,4171790,16587785,72269428,318153932,1331253768,5355519042,21543133936,87315638074,352669037164,1409613568606,5568555444224,21850485470169,85367856924562,331671630999054,
192,1024,2206,7324,40395,254712,1128733,4171790,16587785,72269428,318153932,1331253768,5355519042,21543133936,87315638074,352669037164,1409613568606,5568555444224,21850485470169,85367856924562,331671630999054,
192,1024,2210,7324,40416,255064,1128871,4176250,16607307,72355452,318563448,1332606472,5362565880,21573896856,87442140543,353203062290,1411736628951,5577433140508,21886759756950,85512369392244,332249384113964,
192,1024,2206,7324,40395,254712,1128733,4171790,16587785,72269428,318153932,1331253768,5355519042,21543133936,87315638074,352669037164,1409613568606,5568555444224,21850485470169,85367856924562,331671630999054,
192,1024,2210,7324,40416,255064,1128871,4176250,16607307,72355452,318563448,1332606472,5362565880,21573896856,87442140543,353203062290,1411736628951,5577433140508,21886759756950,85512369392244,332249384113964,
192,1024,2206,7324,40395,254712,1128733,4171790,16587785,72269428,318153932,1331253768,5355519042,21543133936,87315638074,352669037164,1409613568606,5568555444224,21850485470169,85367856924562,331671630999054,
195,1012,2266,7132,41123,256152,1133426,4187740,16609952,72803696,320225407,1338297998,5380536833,21649908984,87831763119,354786630746,1417484347593,5599162044804,21972952422473,85857112240698,333580580097202,
195,1012,2266,7132,41123,256152,1133426,4187740,16609952,72803696,320225407,1338297998,5380536833,21649908984,87831763119,354786630746,1417484347593,5599162044804,21972952422473,85857112240698,333580580097202,
192,1024,2210,7324,40416,255064,1128871,4176250,16607307,72355452,318563448,1332606472,5362565880,21573896856,87442140543,353203062290,1411736628951,5577433140508,21886759756950,85512369392244,332249384113964,
195,1012,2266,7132,41123,256152,1133426,4187740,16609952,72803696,320225407,1338297998,5380536833,21649908984,87831763119,354786630746,1417484347593,5599162044804,21972952422473,85857112240698,333580580097202,
192,1024,2210,7324,40416,255064,1128871,4176250,16607307,72355452,318563448,1332606472,5362565880,21573896856,87442140543,353203062290,1411736628951,5577433140508,21886759756950,85512369392244,332249384113964,
195,1012,2266,7132,41123,256152,1133426,4187740,16609952,72803696,320225407,1338297998,5380536833,21649908984,87831763119,354786630746,1417484347593,5599162044804,21972952422473,85857112240698,333580580097202,
195,1012,2266,7132,41123,256152,1133426,4187740,16609952,72803696,320225407,1338297998,5380536833,21649908984,87831763119,354786630746,1417484347593,5599162044804,21972952422473,85857112240698,333580580097202,
195,1012,2262,7132,41072,255864,1133580,4181544,16588006,72704792,319865005,1336940802,5372408525,21617022000,87700766992,354254987912,1415298370288,5589822070760,21935652070896,85710347393840,332997083952540,
192,1024,2206,7324,40395,254712,1128733,4171790,16587785,72269428,318153932,1331253768,5355519042,21543133936,87315638074,352669037164,1409613568606,5568555444224,21850485470169,85367856924562,331671630999054,
195,1012,2262,7132,41072,255864,1133580,4181544,16588006,72704792,319865005,1336940802,5372408525,21617022000,87700766992,354254987912,1415298370288,5589822070760,21935652070896,85710347393840,332997083952540,
192,1024,2206,7324,40395,254712,1128733,4171790,16587785,72269428,318153932,1331253768,5355519042,21543133936,87315638074,352669037164,1409613568606,5568555444224,21850485470169,85367856924562,331671630999054,
195,1012,2266,7132,41123,256152,1133426,4187740,16609952,72803696,320225407,1338297998,5380536833,21649908984,87831763119,354786630746,1417484347593,5599162044804,21972952422473,85857112240698,333580580097202,
195,1012,2266,7132,41123,256152,1133426,4187740,16609952,72803696,320225407,1338297998,5380536833,21649908984,87831763119,354786630746,1417484347593,5599162044804,21972952422473,85857112240698,333580580097202,
195,1012,2262,7132,41072,255864,1133580,4181544,16588006,72704792,319865005,1336940802,5372408525,21617022000,87700766992,354254987912,1415298370288,5589822070760,21935652070896,85710347393840,332997083952540,
192,1024,2206,7324,40395,254712,1128733,4171790,16587785,72269428,318153932,1331253768,5355519042,21543133936,87315638074,352669037164,1409613568606,5568555444224,21850485470169,85367856924562,331671630999054,
195,1012,2262,7132,41072,255864,1133580,4181544,16588006,72704792,319865005,1336940802,5372408525,21617022000,87700766992,354254987912,1415298370288,5589822070760,21935652070896,85710347393840,332997083952540,
192,1024,2206,7324,40395,254712,1128733,4171790,16587785,72269428,318153932,1331253768,5355519042,21543133936,87315638074,352669037164,1409613568606,5568555444224,21850485470169,85367856924562,331671630999054,
195,1012,2266,7132,41123,256152,1133426,4187740,16609952,72803696,320225407,1338297998,5380536833,21649908984,87831763119,354786630746,1417484347593,5599162044804,21972952422473,85857112240698,333580580097202,
192,1024,2224,7288,40394,255176,1131264,4182592,16600932,72397920,318893677,1334598826,5368766097,21593354592,87537063350,353635411260,1413555085636,5584303243640,21913769196870,85623773829660,332691042562892,
192,1024,2224,7288,40394,255176,1131264,4182592,16600932,72397920,318893677,1334598826,5368766097,21593354592,87537063350,353635411260,1413555085636,5584303243640,21913769196870,85623773829660,332691042562892,
192,1024,2228,7288,40433,255504,1131089,4188094,16622492,72489736,319291616,1335872432,5376260904,21625540792,87667327562,354173713844,1415690327516,5593389481528,21950851761516,85770747575456,333276617494376,
192,1024,2224,7288,40394,255176,1131264,4182592,16600932,72397920,318893677,1334598826,5368766097,21593354592,87537063350,353635411260,1413555085636,5584303243640,21913769196870,85623773829660,332691042562892,
192,1024,2228,7288,40433,255504,1131089,4188094,16622492,72489736,319291616,1335872432,5376260904,21625540792,87667327562,354173713844,1415690327516,5593389481528,21950851761516,85770747575456,333276617494376,
192,1024,2224,7288,40394,255176,1131264,4182592,16600932,72397920,318893677,1334598826,5368766097,21593354592,87537063350,353635411260,1413555085636,5584303243640,21913769196870,85623773829660,332691042562892,
194,1016,2264,7160,40892,256152,1134743,4193834,16618119,72781740,320378661,1339783994,5387255039,21672419680,87918084048,355197304040,1419415028714,5607214029384,22005687208752,85991751900984,334128234067196,
194,1016,2264,7160,40892,256152,1134743,4193834,16618119,72781740,320378661,1339783994,5387255039,21672419680,87918084048,355197304040,1419415028714,5607214029384,22005687208752,85991751900984,334128234067196,
192,1024,2228,7288,40433,255504,1131089,4188094,16622492,72489736,319291616,1335872432,5376260904,21625540792,87667327562,354173713844,1415690327516,5593389481528,21950851761516,85770747575456,333276617494376,
194,1016,2264,7160,40892,256152,1134743,4193834,16618119,72781740,320378661,1339783994,5387255039,21672419680,87918084048,355197304040,1419415028714,5607214029384,22005687208752,85991751900984,334128234067196,
192,1024,2228,7288,40433,255504,1131089,4188094,16622492,72489736,319291616,1335872432,5376260904,21625540792,87667327562,354173713844,1415690327516,5593389481528,21950851761516,85770747575456,333276617494376,
194,1016,2264,7160,40892,256152,1134743,4193834,16618119,72781740,320378661,1339783994,5387255039,21672419680,87918084048,355197304040,1419415028714,5607214029384,22005687208752,85991751900984,334128234067196,
194,1016,2264,7160,40892,256152,1134743,4193834,16618119,72781740,320378661,1339783994,5387255039,21672419680,87918084048,355197304040,1419415028714,5607214029384,22005687208752,85991751900984,334128234067196,
194,1016,2260,7160,40837,255872,1135008,4187368,16595031,72686388,320022584,1338463184,5379038428,21639541144,87788869386,354669527460,1417243244110,5597929177032,21968651697880,85846293963600,333548888089370,
192,1024,2224,7288,40394,255176,1131264,4182592,16600932,72397920,318893677,1334598826,5368766097,21593354592,87537063350,353635411260,1413555085636,5584303243640,21913769196870,85623773829660,332691042562892,
194,1016,2260,7160,40837,255872,1135008,4187368,16595031,72686388,320022584,1338463184,5379038428,21639541144,87788869386,354669527460,1417243244110,5597929177032,21968651697880,85846293963600,333548888089370,
192,1024,2224,7288,40394,255176,1131264,4182592,16600932,72397920,318893677,1334598826,5368766097,21593354592,87537063350,353635411260,1413555085636,5584303243640,21913769196870,85623773829660,332691042562892,
194,1016,2264,7160,40892,256152,1134743,4193834,16618119,72781740,320378661,1339783994,5387255039,21672419680,87918084048,355197304040,1419415028714,5607214029384,22005687208752,85991751900984,334128234067196,
194,1016,2264,7160,40892,256152,1134743,4193834,16618119,72781740,320378661,1339783994,5387255039,21672419680,87918084048,355197304040,1419415028714,5607214029384,22005687208752,85991751900984,334128234067196,
194,1016,2260,7160,40837,255872,1135008,4187368,16595031,72686388,320022584,1338463184,5379038428,21639541144,87788869386,354669527460,1417243244110,5597929177032,21968651697880,85846293963600,333548888089370,
192,1024,2224,7288,40394,255176,1131264,4182592,16600932,72397920,318893677,1334598826,5368766097,21593354592,87537063350,353635411260,1413555085636,5584303243640,21913769196870,85623773829660,332691042562892,
194,1016,2260,7160,40837,255872,1135008,4187368,16595031,72686388,320022584,1338463184,5379038428,21639541144,87788869386,354669527460,1417243244110,5597929177032,21968651697880,85846293963600,333548888089370,
192,1024,2224,7288,40394,255176,1131264,4182592,16600932,72397920,318893677,1334598826,5368766097,21593354592,87537063350,353635411260,1413555085636,5584303243640,21913769196870,85623773829660,332691042562892,
194,1016,2264,7160,40892,256152,1134743,4193834,16618119,72781740,320378661,1339783994,5387255039,21672419680,87918084048,355197304040,1419415028714,5607214029384,22005687208752,85991751900984,334128234067196,
192,1024,2206,7324,40430,254888,1128583,4174170,16600530,72349456,318442078,1332418700,5361561475,21571429640,87442038733,353191125142,1411762375976,5577596931080,21888794863255,85526883867422,332312666350778,
192,1024,2206,7324,40430,254888,1128583,4174170,16600530,72349456,318442078,1332418700,5361561475,21571429640,87442038733,353191125142,1411762375976,5577596931080,21888794863255,85526883867422,332312666350778,
192,1024,2210,7324,40448,255240,1128782,4178420,16619610,72433408,318858080,1333779104,5368441870,21601713096,87567852310,353725090068,1413875122528,5586377364664,21924782209832,85670700894600,332887989313166,
192,1024,2206,7324,40430,254888,1128583,4174170,16600530,72349456,318442078,1332418700,5361561475,21571429640,87442038733,353191125142,1411762375976,5577596931080,21888794863255,85526883867422,332312666350778,
192,1024,2210,7324,40448,255240,1128782,4178420,16619610,72433408,318858080,1333779104,5368441870,21601713096,87567852310,353725090068,1413875122528,5586377364664,21924782209832,85670700894600,332887989313166,
192,1024,2206,7324,40430,254888,1128583,4174170,16600530,72349456,318442078,1332418700,5361561475,21571429640,87442038733,353191125142,1411762375976,5577596931080,21888794863255,85526883867422,332312666350778,
195,1012,2266,7132,41154,256320,1133286,4189796,16623293,72881012,320490676,1339408304,5386435777,21678164616,87954350801,355289370342,1419576497594,5608027649752,22010621867695,86012998199670,334207685202446,
195,1012,2266,7132,41154,256320,1133286,4189796,16623293,72881012,320490676,1339408304,5386435777,21678164616,87954350801,355289370342,1419576497594,5608027649752,22010621867695,86012998199670,334207685202446,
192,1024,2210,7324,40448,255240,1128782,4178420,16619610,72433408,318858080,1333779104,5368441870,21601713096,87567852310,353725090068,1413875122528,5586377364664,21924782209832,85670700894600,332887989313166,
195,1012,2266,7132,41154,256320,1133286,4189796,16623293,72881012,320490676,1339408304,5386435777,21678164616,87954350801,355289370342,1419576497594,5608027649752,22010621867695,86012998199670,334207685202446,
192,1024,2210,7324,40448,255240,1128782,4178420,16619610,72433408,318858080,1333779104,5368441870,21601713096,87567852310,353725090068,1413875122528,5586377364664,21924782209832,85670700894600,332887989313166,
195,1012,2266,7132,41154,256320,1133286,4189796,16623293,72881012,320490676,1339408304,5386435777,21678164616,87954350801,355289370342,1419576497594,5608027649752,22010621867695,86012998199670,334207685202446,
195,1012,2266,7132,41154,256320,1133286,4189796,16623293,72881012,320490676,1339408304,5386435777,21678164616,87954350801,355289370342,1419576497594,5608027649752,22010621867695,86012998199670,334207685202446,
195,1012,2262,7132,41106,256032,1133395,4183762,16601299,72786140,320126956,1338038416,5378367634,21645791784,87825075478,354758226156,1417390553534,5598760853864,21973630989312,85867105477936,333626104758858,
192,1024,2206,7324,40430,254888,1128583,4174170,16600530,72349456,318442078,1332418700,5361561475,21571429640,87442038733,353191125142,1411762375976,5577596931080,21888794863255,85526883867422,332312666350778,
195,1012,2262,7132,41106,256032,1133395,4183762,16601299,72786140,320126956,1338038416,5378367634,21645791784,87825075478,354758226156,1417390553534,5598760853864,21973630989312,85867105477936,333626104758858,
192,1024,2206,7324,40430,254888,1128583,4174170,16600530,72349456,318442078,1332418700,5361561475,21571429640,87442038733,353191125142,1411762375976,5577596931080,21888794863255,85526883867422,332312666350778,
195,1012,2266,7132,41154,256320,1133286,4189796,16623293,72881012,320490676,1339408304,5386435777,21678164616,87954350801,355289370342,1419576497594,5608027649752,22010621867695,86012998199670,334207685202446,
195,1012,2266,7132,41154,256320,1133286,4189796,16623293,72881012,320490676,1339408304,5386435777,21678164616,87954350801,355289370342,1419576497594,5608027649752,22010621867695,86012998199670,334207685202446,
195,1012,2262,7132,41106,256032,1133395,4183762,16601299,72786140,320126956,1338038416,5378367634,21645791784,87825075478,354758226156,1417390553534,5598760853864,21973630989312,85867105477936,333626104758858,
192,1024,2206,7324,40430,254888,1128583,4174170,16600530,72349456,318442078,1332418700,5361561475,21571429640,87442038733,353191125142,1411762375976,5577596931080,21888794863255,85526883867422,332312666350778,
195,1012,2262,7132,41106,256032,1133395,4183762,16601299,72786140,320126956,1338038416,5378367634,21645791784,87825075478,354758226156,1417390553534,5598760853864,21973630989312,85867105477936,333626104758858,
192,1024,2206,7324,40430,254888,1128583,4174170,16600530,72349456,318442078,1332418700,5361561475,21571429640,87442038733,353191125142,1411762375976,5577596931080,21888794863255,85526883867422,332312666350778,
195,1012,2266,7132,41154,256320,1133286,4189796,16623293,72881012,320490676,1339408304,5386435777,21678164616,87954350801,355289370342,1419576497594,5608027649752,22010621867695,86012998199670,334207685202446,
192,1024,2224,7288,40368,255000,1131224,4182040,16593341,72336700,318667515,1333838606,5365487624,21576710448,87458166499,353307883522,1412252461290,5579059943848,21891916957728,85532644420176,332321057611460,
192,1024,2224,7288,40368,255000,1131224,4182040,16593341,72336700,318667515,1333838606,5365487624,21576710448,87458166499,353307883522,1412252461290,5579059943848,21891916957728,85532644420176,332321057611460,
192,1024,2228,7288,40410,255328,1130997,4187734,16615173,72431156,319058968,1335111992,5373129459,21609339536,87589172479,353847072762,1414401886184,5588242436680,21929285674024,85680455163856,332909770034400,
192,1024,2224,7288,40368,255000,1131224,4182040,16593341,72336700,318667515,1333838606,5365487624,21576710448,87458166499,353307883522,1412252461290,5579059943848,21891916957728,85532644420176,332321057611460,
192,1024,2228,7288,40410,255328,1130997,4187734,16615173,72431156,319058968,1335111992,5373129459,21609339536,87589172479,353847072762,1414401886184,5588242436680,21929285674024,85680455163856,332909770034400,
192,1024,2224,7288,40368,255000,1131224,4182040,16593341,72336700,318667515,1333838606,5365487624,21576710448,87458166499,353307883522,1412252461290,5579059943848,21891916957728,85532644420176,332321057611460,
194,1016,2264,7160,40870,255984,1134689,4193582,16610032,72723608,320172482,1339080420,5384101806,21656033176,87842919868,354888662032,1418170885169,5602161189996,21984555140466,85903985757004,333773077396944,
194,1016,2264,7160,40870,255984,1134689,4193582,16610032,72723608,320172482,1339080420,5384101806,21656033176,87842919868,354888662032,1418170885169,5602161189996,21984555140466,85903985757004,333773077396944,
192,1024,2228,7288,40410,255328,1130997,4187734,16615173,72431156,319058968,1335111992,5373129459,21609339536,87589172479,353847072762,1414401886184,5588242436680,21929285674024,85680455163856,332909770034400,
194,1016,2264,7160,40870,255984,1134689,4193582,16610032,72723608,320172482,1339080420,5384101806,21656033176,87842919868,354888662032,1418170885169,5602161189996,21984555140466,85903985757004,333773077396944,
192,1024,2228,7288,40410,255328,1130997,4187734,16615173,72431156,319058968,1335111992,5373129459,21609339536,87589172479,353847072762,1414401886184,5588242436680,21929285674024,85680455163856,332909770034400,
194,1016,2264,7160,40870,255984,1134689,4193582,16610032,72723608,320172482,1339080420,5384101806,21656033176,87842919868,354888662032,1418170885169,5602161189996,21984555140466,85903985757004,333773077396944,
194,1016,2264,7160,40870,255984,1134689,4193582,16610032,72723608,320172482,1339080420,5384101806,21656033176,87842919868,354888662032,1418170885169,5602161189996,21984555140466,85903985757004,333773077396944,
194,1016,2260,7160,40812,255704,1134996,4186960,16587060,72624016,319819591,1337770590,5375829381,21622655240,87711954618,354360012772,1415996845703,5592802104620,21947197087402,85757539207132,333191291300248,
192,1024,2224,7288,40368,255000,1131224,4182040,16593341,72336700,318667515,1333838606,5365487624,21576710448,87458166499,353307883522,1412252461290,5579059943848,21891916957728,85532644420176,332321057611460,
194,1016,2260,7160,40812,255704,1134996,4186960,16587060,72624016,319819591,1337770590,5375829381,21622655240,87711954618,354360012772,1415996845703,5592802104620,21947197087402,85757539207132,333191291300248,
192,1024,2224,7288,40368,255000,1131224,4182040,16593341,72336700,318667515,1333838606,5365487624,21576710448,87458166499,353307883522,1412252461290,5579059943848,21891916957728,85532644420176,332321057611460,
194,1016,2264,7160,40870,255984,1134689,4193582,16610032,72723608,320172482,1339080420,5384101806,21656033176,87842919868,354888662032,1418170885169,5602161189996,21984555140466,85903985757004,333773077396944,
194,1016,2264,7160,40870,255984,1134689,4193582,16610032,72723608,320172482,1339080420,5384101806,21656033176,87842919868,354888662032,1418170885169,5602161189996,21984555140466,85903985757004,333773077396944,
194,1016,2260,7160,40812,255704,1134996,4186960,16587060,72624016,319819591,1337770590,5375829381,21622655240,87711954618,354360012772,1415996845703,5592802104620,21947197087402,85757539207132,333191291300248,
192,1024,2224,7288,40368,255000,1131224,4182040,16593341,72336700,318667515,1333838606,5365487624,21576710448,87458166499,353307883522,1412252461290,5579059943848,21891916957728,85532644420176,332321057611460,
194,1016,2260,7160,40812,255704,1134996,4186960,16587060,72624016,319819591,1337770590,5375829381,21622655240,87711954618,354360012772,1415996845703,5592802104620,21947197087402,85757539207132,333191291300248,
192,1024,2224,7288,40368,255000,1131224,4182040,16593341,72336700,318667515,1333838606,5365487624,21576710448,87458166499,353307883522,1412252461290,5579059943848,21891916957728,85532644420176,332321057611460,
194,1016,2264,7160,40870,255984,1134689,4193582,16610032,72723608,320172482,1339080420,5384101806,21656033176,87842919868,354888662032,1418170885169,5602161189996,21984555140466,85903985757004,333773077396944,
192,1024,2206,7324,40404,254712,1128534,4173540,16592877,72288564,318212678,1331641564,5358206983,21554638560,87363065090,352862184092,1410446733325,5572277347212,21866703532492,85435359218872,331941847302354,
192,1024,2206,7324,40404,254712,1128534,4173540,16592877,72288564,318212678,1331641564,5358206983,21554638560,87363065090,352862184092,1410446733325,5572277347212,21866703532492,85435359218872,331941847302354,
192,1024,2210,7324,40425,255064,1128672,4178000,16612399,72374588,318622230,1332994268,5365253688,21585414144,87489585011,353396290394,1412571221295,5581158347004,21902997976820,85579982579952,332520042345112,
192,1024,2206,7324,40404,254712,1128534,4173540,16592877,72288564,318212678,1331641564,5358206983,21554638560,87363065090,352862184092,1410446733325,5572277347212,21866703532492,85435359218872,331941847302354,
192,1024,2210,7324,40425,255064,1128672,4178000,16612399,72374588,318622230,1332994268,5365253688,21585414144,87489585011,353396290394,1412571221295,5581158347004,21902997976820,85579982579952,332520042345112,
192,1024,2206,7324,40404,254712,1128534,4173540,16592877,72288564,318212678,1331641564,5358206983,21554638560,87363065090,352862184092,1410446733325,5572277347212,21866703532492,85435359218872,331941847302354,
195,1012,2266,7132,41132,256152,1133227,4189490,16615071,72822724,320284122,1338691524,5383209689,21661568872,87879063285,354980683094,1418322207266,5602899047192,21989243972874,85924865997476,333852100218750,
195,1012,2266,7132,41132,256152,1133227,4189490,16615071,72822724,320284122,1338691524,5383209689,21661568872,87879063285,354980683094,1418322207266,5602899047192,21989243972874,85924865997476,333852100218750,
192,1024,2210,7324,40425,255064,1128672,4178000,16612399,72374588,318622230,1332994268,5365253688,21585414144,87489585011,353396290394,1412571221295,5581158347004,21902997976820,85579982579952,332520042345112,
195,1012,2266,7132,41132,256152,1133227,4189490,16615071,72822724,320284122,1338691524,5383209689,21661568872,87879063285,354980683094,1418322207266,5602899047192,21989243972874,85924865997476,333852100218750,
192,1024,2210,7324,40425,255064,1128672,4178000,16612399,72374588,318622230,1332994268,5365253688,21585414144,87489585011,353396290394,1412571221295,5581158347004,21902997976820,85579982579952,332520042345112,
195,1012,2266,7132,41132,256152,1133227,4189490,16615071,72822724,320284122,1338691524,5383209689,21661568872,87879063285,354980683094,1418322207266,5602899047192,21989243972874,85924865997476,333852100218750,
195,1012,2266,7132,41132,256152,1133227,4189490,16615071,72822724,320284122,1338691524,5383209689,21661568872,87879063285,354980683094,1418322207266,5602899047192,21989243972874,85924865997476,333852100218750,
195,1012,2262,7132,41081,255864,1133381,4183294,16593125,72723820,319923684,1337334328,5375081244,21628669800,87748055192,354448877552,1416134770484,5593556335608,21951920343118,85777986014676,333268148583276,
192,1024,2206,7324,40404,254712,1128534,4173540,16592877,72288564,318212678,1331641564,5358206983,21554638560,87363065090,352862184092,1410446733325,5572277347212,21866703532492,85435359218872,331941847302354,
195,1012,2262,7132,41081,255864,1133381,4183294,16593125,72723820,319923684,1337334328,5375081244,21628669800,87748055192,354448877552,1416134770484,5593556335608,21951920343118,85777986014676,333268148583276,
192,1024,2206,7324,40404,254712,1128534,4173540,16592877,72288564,318212678,1331641564,5358206983,21554638560,87363065090,352862184092,1410446733325,5572277347212,21866703532492,85435359218872,331941847302354,
195,1012,2266,7132,41132,256152,1133227,4189490,16615071,72822724,320284122,1338691524,5383209689,21661568872,87879063285,354980683094,1418322207266,5602899047192,21989243972874,85924865997476,333852100218750,
195,1012,2266,7132,41132,256152,1133227,4189490,16615071,72822724,320284122,1338691524,5383209689,21661568872,87879063285,354980683094,1418322207266,5602899047192,21989243972874,85924865997476,333852100218750,
195,1012,2262,7132,41081,255864,1133381,4183294,16593125,72723820,319923684,1337334328,5375081244,21628669800,87748055192,354448877552,1416134770484,5593556335608,21951920343118,85777986014676,333268148583276,
192,1024,2206,7324,40404,254712,1128534,4173540,16592877,72288564,318212678,1331641564,5358206983,21554638560,87363065090,352862184092,1410446733325,5572277347212,21866703532492,85435359218872,331941847302354,
195,1012,2262,7132,41081,255864,1133381,4183294,16593125,72723820,319923684,1337334328,5375081244,21628669800,87748055192,354448877552,1416134770484,5593556335608,21951920343118,85777986014676,333268148583276,
192,1024,2206,7324,40404,254712,1128534,4173540,16592877,72288564,318212678,1331641564,5358206983,21554638560,87363065090,352862184092,1410446733325,5572277347212,21866703532492,85435359218872,331941847302354,
195,1012,2266,7132,41132,256152,1133227,4189490,16615071,72822724,320284122,1338691524,5383209689,21661568872,87879063285,354980683094,1418322207266,5602899047192,21989243972874,85924865997476,333852100218750,
192,1024,2230,7276,40377,255264,1132445,4184110,16593666,72396936,318997779,1335048902,5368781864,21589498936,87526246219,353616169114,1413441440862,5583298095232,21907695158674,85596551828004,332582275095520,
192,1024,2230,7276,40377,255264,1132445,4184110,16593666,72396936,318997779,1335048902,5368781864,21589498936,87526246219,353616169114,1413441440862,5583298095232,21907695158674,85596551828004,332582275095520,
192,1024,2234,7276,40416,255592,1132270,4189612,16615250,72488704,319395884,1336324360,5376271210,21621707688,87656572050,354154473196,1415576623458,5592384016760,21944781409226,85743494375620,333167666060904,
192,1024,2230,7276,40377,255264,1132445,4184110,16593666,72396936,318997779,1335048902,5368781864,21589498936,87526246219,353616169114,1413441440862,5583298095232,21907695158674,85596551828004,332582275095520,
192,1024,2234,7276,40416,255592,1132270,4189612,16615250,72488704,319395884,1336324360,5376271210,21621707688,87656572050,354154473196,1415576623458,5592384016760,21944781409226,85743494375620,333167666060904,
192,1024,2230,7276,40377,255264,1132445,4184110,16593666,72396936,318997779,1335048902,5368781864,21589498936,87526246219,353616169114,1413441440862,5583298095232,21907695158674,85596551828004,332582275095520,
194,1016,2270,7148,40875,256240,1135936,4195280,16611137,72779796,320485962,1340233156,5387272278,21668471304,87907249285,355178956886,1419300539050,5606198356472,21999577481462,85964447241756,334019033525286,
194,1016,2270,7148,40875,256240,1135936,4195280,16611137,72779796,320485962,1340233156,5387272278,21668471304,87907249285,355178956886,1419300539050,5606198356472,21999577481462,85964447241756,334019033525286,
192,1024,2234,7276,40416,255592,1132270,4189612,16615250,72488704,319395884,1336324360,5376271210,21621707688,87656572050,354154473196,1415576623458,5592384016760,21944781409226,85743494375620,333167666060904,
194,1016,2270,7148,40875,256240,1135936,4195280,16611137,72779796,320485962,1340233156,5387272278,21668471304,87907249285,355178956886,1419300539050,5606198356472,21999577481462,85964447241756,334019033525286,
192,1024,2234,7276,40416,255592,1132270,4189612,16615250,72488704,319395884,1336324360,5376271210,21621707688,87656572050,354154473196,1415576623458,5592384016760,21944781409226,85743494375620,333167666060904,
194,1016,2270,7148,40875,256240,1135936,4195280,16611137,72779796,320485962,1340233156,5387272278,21668471304,87907249285,355178956886,1419300539050,5606198356472,21999577481462,85964447241756,334019033525286,
194,1016,2270,7148,40875,256240,1135936,4195280,16611137,72779796,320485962,1340233156,5387272278,21668471304,87907249285,355178956886,1419300539050,5606198356472,21999577481462,85964447241756,334019033525286,
194,1016,2266,7148,40820,255960,1136201,4188814,16588025,72684492,320129623,1338910974,5379061616,21635562184,87777974004,354651247784,1417129104406,5596912977328,21962537099376,85819033737840,333439903647668,
192,1024,2230,7276,40377,255264,1132445,4184110,16593666,72396936,318997779,1335048902,5368781864,21589498936,87526246219,353616169114,1413441440862,5583298095232,21907695158674,85596551828004,332582275095520,
194,1016,2266,7148,40820,255960,1136201,4188814,16588025,72684492,320129623,1338910974,5379061616,21635562184,87777974004,354651247784,1417129104406,5596912977328,21962537099376,85819033737840,333439903647668,
192,1024,2230,7276,40377,255264,1132445,4184110,16593666,72396936,318997779,1335048902,5368781864,21589498936,87526246219,353616169114,1413441440862,5583298095232,21907695158674,85596551828004,332582275095520,
194,1016,2270,7148,40875,256240,1135936,4195280,16611137,72779796,320485962,1340233156,5387272278,21668471304,87907249285,355178956886,1419300539050,5606198356472,21999577481462,85964447241756,334019033525286,
194,1016,2270,7148,40875,256240,1135936,4195280,16611137,72779796,320485962,1340233156,5387272278,21668471304,87907249285,355178956886,1419300539050,5606198356472,21999577481462,85964447241756,334019033525286,
194,1016,2266,7148,40820,255960,1136201,4188814,16588025,72684492,320129623,1338910974,5379061616,21635562184,87777974004,354651247784,1417129104406,5596912977328,21962537099376,85819033737840,333439903647668,
192,1024,2230,7276,40377,255264,1132445,4184110,16593666,72396936,318997779,1335048902,5368781864,21589498936,87526246219,353616169114,1413441440862,5583298095232,21907695158674,85596551828004,332582275095520,
194,1016,2266,7148,40820,255960,1136201,4188814,16588025,72684492,320129623,1338910974,5379061616,21635562184,87777974004,354651247784,1417129104406,5596912977328,21962537099376,85819033737840,333439903647668,
192,1024,2230,7276,40377,255264,1132445,4184110,16593666,72396936,318997779,1335048902,5368781864,21589498936,87526246219,353616169114,1413441440862,5583298095232,21907695158674,85596551828004,332582275095520,
194,1016,2270,7148,40875,256240,1135936,4195280,16611137,72779796,320485962,1340233156,5387272278,21668471304,87907249285,355178956886,1419300539050,5606198356472,21999577481462,85964447241756,334019033525286,
192,1024,2212,7312,40413,254976,1129800,4175664,16593122,72349216,318553946,1332884748,5361605091,21567684136,87432053614,353174765372,1411662899736,5576665566448,21882999164724,85500391070520,332205612483982,
192,1024,2212,7312,40413,254976,1129800,4175664,16593122,72349216,318553946,1332884748,5361605091,21567684136,87432053614,353174765372,1411662899736,5576665566448,21882999164724,85500391070520,332205612483982,
192,1024,2216,7312,40431,255328,1129999,4179914,16612226,72433120,318969988,1334247400,5368482212,21597974352,87557932348,353708833992,1413775607500,5585445358448,21918987293054,85644181945404,332780766317350,
192,1024,2212,7312,40413,254976,1129800,4175664,16593122,72349216,318553946,1332884748,5361605091,21567684136,87432053614,353174765372,1411662899736,5576665566448,21882999164724,85500391070520,332205612483982,
192,1024,2216,7312,40431,255328,1129999,4179914,16612226,72433120,318969988,1334247400,5368482212,21597974352,87557932348,353708833992,1413775607500,5585445358448,21918987293054,85644181945404,332780766317350,
192,1024,2212,7312,40413,254976,1129800,4175664,16593122,72349216,318553946,1332884748,5361605091,21567684136,87432053614,353174765372,1411662899736,5576665566448,21882999164724,85500391070520,332205612483982,
195,1012,2272,7120,41137,256408,1134521,4191182,16616338,72879368,320607285,1339875162,5386477116,21674342872,87944438182,355274773684,1419476972632,5607087198856,22004811392306,85986520124724,334100585408618,
195,1012,2272,7120,41137,256408,1134521,4191182,16616338,72879368,320607285,1339875162,5386477116,21674342872,87944438182,355274773684,1419476972632,5607087198856,22004811392306,85986520124724,334100585408618,
192,1024,2216,7312,40431,255328,1129999,4179914,16612226,72433120,318969988,1334247400,5368482212,21597974352,87557932348,353708833992,1413775607500,5585445358448,21918987293054,85644181945404,332780766317350,
195,1012,2272,7120,41137,256408,1134521,4191182,16616338,72879368,320607285,1339875162,5386477116,21674342872,87944438182,355274773684,1419476972632,5607087198856,22004811392306,85986520124724,334100585408618,
192,1024,2216,7312,40431,255328,1129999,4179914,16612226,72433120,318969988,1334247400,5368482212,21597974352,87557932348,353708833992,1413775607500,5585445358448,21918987293054,85644181945404,332780766317350,
195,1012,2272,7120,41137,256408,1134521,4191182,16616338,72879368,320607285,1339875162,5386477116,21674342872,87944438182,355274773684,1419476972632,5607087198856,22004811392306,85986520124724,334100585408618,
195,1012,2272,7120,41137,256408,1134521,4191182,16616338,72879368,320607285,1339875162,5386477116,21674342872,87944438182,355274773684,1419476972632,5607087198856,22004811392306,85986520124724,334100585408618,
195,1012,2268,7120,41089,256120,1134630,4185148,16594320,72784544,320243345,1338503770,5378413837,21641945152,87815101872,354743632088,1417291400166,5597819730864,21967815564984,85840669497264,333519209027810,
192,1024,2212,7312,40413,254976,1129800,4175664,16593122,72349216,318553946,1332884748,5361605091,21567684136,87432053614,353174765372,1411662899736,5576665566448,21882999164724,85500391070520,332205612483982,
195,1012,2268,7120,41089,256120,1134630,4185148,16594320,72784544,320243345,1338503770,5378413837,21641945152,87815101872,354743632088,1417291400166,5597819730864,21967815564984,85840669497264,333519209027810,
192,1024,2212,7312,40413,254976,1129800,4175664,16593122,72349216,318553946,1332884748,5361605091,21567684136,87432053614,353174765372,1411662899736,5576665566448,21882999164724,85500391070520,332205612483982,
195,1012,2272,7120,41137,256408,1134521,4191182,16616338,72879368,320607285,1339875162,5386477116,21674342872,87944438182,355274773684,1419476972632,5607087198856,22004811392306,85986520124724,334100585408618,
195,1012,2272,7120,41137,256408,1134521,4191182,16616338,72879368,320607285,1339875162,5386477116,21674342872,87944438182,355274773684,1419476972632,5607087198856,22004811392306,85986520124724,334100585408618,
195,1012,2268,7120,41089,256120,1134630,4185148,16594320,72784544,320243345,1338503770,5378413837,21641945152,87815101872,354743632088,1417291400166,5597819730864,21967815564984,85840669497264,333519209027810,
192,1024,2212,7312,40413,254976,1129800,4175664,16593122,72349216,318553946,1332884748,5361605091,21567684136,87432053614,353174765372,1411662899736,5576665566448,21882999164724,85500391070520,332205612483982,
195,1012,2268,7120,41089,256120,1134630,4185148,16594320,72784544,320243345,1338503770,5378413837,21641945152,87815101872,354743632088,1417291400166,5597819730864,21967815564984,85840669497264,333519209027810,
192,1024,2212,7312,40413,254976,1129800,4175664,16593122,72349216,318553946,1332884748,5361605091,21567684136,87432053614,353174765372,1411662899736,5576665566448,21882999164724,85500391070520,332205612483982,
195,1012,2272,7120,41137,256408,1134521,4191182,16616338,72879368,320607285,1339875162,5386477116,21674342872,87944438182,355274773684,1419476972632,5607087198856,22004811392306,85986520124724,334100585408618,
192,1024,2230,7276,40351,255088,1132441,4183534,16586039,72336524,318778169,1334312210,5365537992,21573113168,87448749386,353294285236,1412159268358,5578128717528,21886149760558,85506613740196,332216792280402,
192,1024,2230,7276,40351,255088,1132441,4183534,16586039,72336524,318778169,1334312210,5365537992,21573113168,87448749386,353294285236,1412159268358,5578128717528,21886149760558,85506613740196,332216792280402,
192,1024,2234,7276,40393,255416,1132214,4189228,16607895,72430932,319169806,1335587412,5373173919,21605767112,87579817279,353833483690,1414308518720,5587310958416,21923523632548,85654392845848,332805311307992,
192,1024,2230,7276,40351,255088,1132441,4183534,16586039,72336524,318778169,1334312210,5365537992,21573113168,87448749386,353294285236,1412159268358,5578128717528,21886149760558,85506613740196,332216792280402,
192,1024,2234,7276,40393,255416,1132214,4189228,16607895,72430932,319169806,1335587412,5373173919,21605767112,87579817279,353833483690,1414308518720,5587310958416,21923523632548,85654392845848,332805311307992,
192,1024,2230,7276,40351,255088,1132441,4183534,16586039,72336524,318778169,1334312210,5365537992,21573113168,87448749386,353294285236,1412159268358,5578128717528,21886149760558,85506613740196,332216792280402,
194,1016,2270,7148,40853,256072,1135918,4195004,16603014,72722472,320286431,1339552774,5384154654,21652341040,87833486013,354875995670,1418076827519,5601219359284,21978748437096,85877872143600,333668380002166,
194,1016,2270,7148,40853,256072,1135918,4195004,16603014,72722472,320286431,1339552774,5384154654,21652341040,87833486013,354875995670,1418076827519,5601219359284,21978748437096,85877872143600,333668380002166,
192,1024,2234,7276,40393,255416,1132214,4189228,16607895,72430932,319169806,1335587412,5373173919,21605767112,87579817279,353833483690,1414308518720,5587310958416,21923523632548,85654392845848,332805311307992,
194,1016,2270,7148,40853,256072,1135918,4195004,16603014,72722472,320286431,1339552774,5384154654,21652341040,87833486013,354875995670,1418076827519,5601219359284,21978748437096,85877872143600,333668380002166,
192,1024,2234,7276,40393,255416,1132214,4189228,16607895,72430932,319169806,1335587412,5373173919,21605767112,87579817279,353833483690,1414308518720,5587310958416,21923523632548,85654392845848,332805311307992,
194,1016,2270,7148,40853,256072,1135918,4195004,16603014,72722472,320286431,1339552774,5384154654,21652341040,87833486013,354875995670,1418076827519,5601219359284,21978748437096,85877872143600,333668380002166,
194,1016,2270,7148,40853,256072,1135918,4195004,16603014,72722472,320286431,1339552774,5384154654,21652341040,87833486013,354875995670,1418076827519,5601219359284,21978748437096,85877872143600,333668380002166,
194,1016,2266,7148,40795,255792,1136225,4188382,16580018,72622928,319933260,1338241608,5375888565,21618930552,87702462064,354347389632,1415903246871,5591859830500,21941384511486,85731468062644,333086812764488,
192,1024,2230,7276,40351,255088,1132441,4183534,16586039,72336524,318778169,1334312210,5365537992,21573113168,87448749386,353294285236,1412159268358,5578128717528,21886149760558,85506613740196,332216792280402,
194,1016,2266,7148,40795,255792,1136225,4188382,16580018,72622928,319933260,1338241608,5375888565,21618930552,87702462064,354347389632,1415903246871,5591859830500,21941384511486,85731468062644,333086812764488,
192,1024,2230,7276,40351,255088,1132441,4183534,16586039,72336524,318778169,1334312210,5365537992,21573113168,87448749386,353294285236,1412159268358,5578128717528,21886149760558,85506613740196,332216792280402,
194,1016,2270,7148,40853,256072,1135918,4195004,16603014,72722472,320286431,1339552774,5384154654,21652341040,87833486013,354875995670,1418076827519,5601219359284,21978748437096,85877872143600,333668380002166,
194,1016,2270,7148,40853,256072,1135918,4195004,16603014,72722472,320286431,1339552774,5384154654,21652341040,87833486013,354875995670,1418076827519,5601219359284,21978748437096,85877872143600,333668380002166,
194,1016,2266,7148,40795,255792,1136225,4188382,16580018,72622928,319933260,1338241608,5375888565,21618930552,87702462064,354347389632,1415903246871,5591859830500,21941384511486,85731468062644,333086812764488,
192,1024,2230,7276,40351,255088,1132441,4183534,16586039,72336524,318778169,1334312210,5365537992,21573113168,87448749386,353294285236,1412159268358,5578128717528,21886149760558,85506613740196,332216792280402,
194,1016,2266,7148,40795,255792,1136225,4188382,16580018,72622928,319933260,1338241608,5375888565,21618930552,87702462064,354347389632,1415903246871,5591859830500,21941384511486,85731468062644,333086812764488,
192,1024,2230,7276,40351,255088,1132441,4183534,16586039,72336524,318778169,1334312210,5365537992,21573113168,87448749386,353294285236,1412159268358,5578128717528,21886149760558,85506613740196,332216792280402,
194,1016,2270,7148,40853,256072,1135918,4195004,16603014,72722472,320286431,1339552774,5384154654,21652341040,87833486013,354875995670,1418076827519,5601219359284,21978748437096,85877872143600,333668380002166,
192,1024,2212,7312,40387,254800,1129787,4175010,16585433,72289132,318331098,1332131140,5358284498,21551152800,87354482992,352851454832,1410367574832,5571419924720,21861215357981,85410056765562,331839284345818,
192,1024,2212,7312,40387,254800,1129787,4175010,16585433,72289132,318331098,1332131140,5358284498,21551152800,87354482992,352851454832,1410367574832,5571419924720,21861215357981,85410056765562,331839284345818,
192,1024,2216,7312,40408,255152,1129925,4179470,16604979,72375108,318740708,1333486056,5365327428,21581937664,87481069195,353385664306,1412491932097,5580300309468,21897512061090,85554653714788,332417301361772,
192,1024,2212,7312,40387,254800,1129787,4175010,16585433,72289132,318331098,1332131140,5358284498,21551152800,87354482992,352851454832,1410367574832,5571419924720,21861215357981,85410056765562,331839284345818,
192,1024,2216,7312,40408,255152,1129925,4179470,16604979,72375108,318740708,1333486056,5365327428,21581937664,87481069195,353385664306,1412491932097,5580300309468,21897512061090,85554653714788,332417301361772,
192,1024,2212,7312,40387,254800,1129787,4175010,16585433,72289132,318331098,1332131140,5358284498,21551152800,87354482992,352851454832,1410367574832,5571419924720,21861215357981,85410056765562,331839284345818,
195,1012,2272,7120,41115,256240,1134498,4190852,16608080,72821888,320407415,1339181406,5383286739,21658002472,87870562903,354971750530,1418243068133,5602032246092,21983737669847,85899579889182,333749503883030,
195,1012,2272,7120,41115,256240,1134498,4190852,16608080,72821888,320407415,1339181406,5383286739,21658002472,87870562903,354971750530,1418243068133,5602032246092,21983737669847,85899579889182,333749503883030,
192,1024,2216,7312,40408,255152,1129925,4179470,16604979,72375108,318740708,1333486056,5365327428,21581937664,87481069195,353385664306,1412491932097,5580300309468,21897512061090,85554653714788,332417301361772,
195,1012,2272,7120,41115,256240,1134498,4190852,16608080,72821888,320407415,1339181406,5383286739,21658002472,87870562903,354971750530,1418243068133,5602032246092,21983737669847,85899579889182,333749503883030,
192,1024,2216,7312,40408,255152,1129925,4179470,16604979,72375108,318740708,1333486056,5365327428,21581937664,87481069195,353385664306,1412491932097,5580300309468,21897512061090,85554653714788,332417301361772,
195,1012,2272,7120,41115,256240,1134498,4190852,16608080,72821888,320407415,1339181406,5383286739,21658002472,87870562903,354971750530,1418243068133,5602032246092,21983737669847,85899579889182,333749503883030,
195,1012,2272,7120,41115,256240,1134498,4190852,16608080,72821888,320407415,1339181406,5383286739,21658002472,87870562903,354971750530,1418243068133,5602032246092,21983737669847,85899579889182,333749503883030,
195,1012,2268,7120,41064,255952,1134652,4184656,16586110,72723032,320046739,1337822742,5375163563,21625076472,87739495326,354439926364,1416056104360,5592688947152,21946408139338,85752739734532,333165759049264,
192,1024,2212,7312,40387,254800,1129787,4175010,16585433,72289132,318331098,1332131140,5358284498,21551152800,87354482992,352851454832,1410367574832,5571419924720,21861215357981,85410056765562,331839284345818,
195,1012,2268,7120,41064,255952,1134652,4184656,16586110,72723032,320046739,1337822742,5375163563,21625076472,87739495326,354439926364,1416056104360,5592688947152,21946408139338,85752739734532,333165759049264,
192,1024,2212,7312,40387,254800,1129787,4175010,16585433,72289132,318331098,1332131140,5358284498,21551152800,87354482992,352851454832,1410367574832,5571419924720,21861215357981,85410056765562,331839284345818,
195,1012,2272,7120,41115,256240,1134498,4190852,16608080,72821888,320407415,1339181406,5383286739,21658002472,87870562903,354971750530,1418243068133,5602032246092,21983737669847,85899579889182,333749503883030,
195,1012,2272,7120,41115,256240,1134498,4190852,16608080,72821888,320407415,1339181406,5383286739,21658002472,87870562903,354971750530,1418243068133,5602032246092,21983737669847,85899579889182,333749503883030,
195,1012,2268,7120,41064,255952,1134652,4184656,16586110,72723032,320046739,1337822742,5375163563,21625076472,87739495326,354439926364,1416056104360,5592688947152,21946408139338,85752739734532,333165759049264,
192,1024,2212,7312,40387,254800,1129787,4175010,16585433,72289132,318331098,1332131140,5358284498,21551152800,87354482992,352851454832,1410367574832,5571419924720,21861215357981,85410056765562,331839284345818,
195,1012,2268,7120,41064,255952,1134652,4184656,16586110,72723032,320046739,1337822742,5375163563,21625076472,87739495326,354439926364,1416056104360,5592688947152,21946408139338,85752739734532,333165759049264,
192,1024,2212,7312,40387,254800,1129787,4175010,16585433,72289132,318331098,1332131140,5358284498,21551152800,87354482992,352851454832,1410367574832,5571419924720,21861215357981,85410056765562,331839284345818,
195,1012,2272,7120,41115,256240,1134498,4190852,16608080,72821888,320407415,1339181406,5383286739,21658002472,87870562903,354971750530,1418243068133,5602032246092,21983737669847,85899579889182,333749503883030,
192,1024,2230,7276,40386,255264,1132318,4185812,16598688,72417192,319071181,1335481610,5371537977,21601388648,87575865036,353818688176,1414312747170,5587175996232,21924529365550,85666105430460,332859373907408,
192,1024,2230,7276,40386,255264,1132318,4185812,16598688,72417192,319071181,1335481610,5371537977,21601388648,87575865036,353818688176,1414312747170,5587175996232,21924529365550,85666105430460,332859373907408,
192,1024,2234,7276,40425,255592,1132143,4191314,16620272,72508960,319469322,1336757068,5379027130,21633608552,87706211908,354357141000,1416449224982,5596264733208,21961637991192,85813164218944,333445204283672,
192,1024,2230,7276,40386,255264,1132318,4185812,16598688,72417192,319071181,1335481610,5371537977,21601388648,87575865036,353818688176,1414312747170,5587175996232,21924529365550,85666105430460,332859373907408,
192,1024,2234,7276,40425,255592,1132143,4191314,16620272,72508960,319469322,1336757068,5379027130,21633608552,87706211908,354357141000,1416449224982,5596264733208,21961637991192,85813164218944,333445204283672,
192,1024,2230,7276,40386,255264,1132318,4185812,16598688,72417192,319071181,1335481610,5371537977,21601388648,87575865036,353818688176,1414312747170,5587175996232,21924529365550,85666105430460,332859373907408,
194,1016,2270,7148,40884,256240,1135809,4196982,16616195,72800004,320559469,1340670746,5390018373,21680504144,87956859276,355382538304,1420176090486,5610091878792,22016489486182,86034283630732,334297518658104,
194,1016,2270,7148,40884,256240,1135809,4196982,16616195,72800004,320559469,1340670746,5390018373,21680504144,87956859276,355382538304,1420176090486,5610091878792,22016489486182,86034283630732,334297518658104,
192,1024,2234,7276,40425,255592,1132143,4191314,16620272,72508960,319469322,1336757068,5379027130,21633608552,87706211908,354357141000,1416449224982,5596264733208,21961637991192,85813164218944,333445204283672,
194,1016,2270,7148,40884,256240,1135809,4196982,16616195,72800004,320559469,1340670746,5390018373,21680504144,87956859276,355382538304,1420176090486,5610091878792,22016489486182,86034283630732,334297518658104,
192,1024,2234,7276,40425,255592,1132143,4191314,16620272,72508960,319469322,1336757068,5379027130,21633608552,87706211908,354357141000,1416449224982,5596264733208,21961637991192,85813164218944,333445204283672,
194,1016,2270,7148,40884,256240,1135809,4196982,16616195,72800004,320559469,1340670746,5390018373,21680504144,87956859276,355382538304,1420176090486,5610091878792,22016489486182,86034283630732,334297518658104,
194,1016,2270,7148,40884,256240,1135809,4196982,16616195,72800004,320559469,1340670746,5390018373,21680504144,87956859276,355382538304,1420176090486,5610091878792,22016489486182,86034283630732,334297518658104,
194,1016,2266,7148,40829,255960,1136074,4190516,16593083,72704700,320203094,1339348564,5381807508,21647583248,87827569322,354854629068,1418003285242,5600803709736,21979424254998,85888751501036,333717935575014,
192,1024,2230,7276,40386,255264,1132318,4185812,16598688,72417192,319071181,1335481610,5371537977,21601388648,87575865036,353818688176,1414312747170,5587175996232,21924529365550,85666105430460,332859373907408,
194,1016,2266,7148,40829,255960,1136074,4190516,16593083,72704700,320203094,1339348564,5381807508,21647583248,87827569322,354854629068,1418003285242,5600803709736,21979424254998,85888751501036,333717935575014,
192,1024,2230,7276,40386,255264,1132318,4185812,16598688,72417192,319071181,1335481610,5371537977,21601388648,87575865036,353818688176,1414312747170,5587175996232,21924529365550,85666105430460,332859373907408,
194,1016,2270,7148,40884,256240,1135809,4196982,16616195,72800004,320559469,1340670746,5390018373,21680504144,87956859276,355382538304,1420176090486,5610091878792,22016489486182,86034283630732,334297518658104,
194,1016,2270,7148,40884,256240,1135809,4196982,16616195,72800004,320559469,1340670746,5390018373,21680504144,87956859276,355382538304,1420176090486,5610091878792,22016489486182,86034283630732,334297518658104,
194,1016,2266,7148,40829,255960,1136074,4190516,16593083,72704700,320203094,1339348564,5381807508,21647583248,87827569322,354854629068,1418003285242,5600803709736,21979424254998,85888751501036,333717935575014,
192,1024,2230,7276,40386,255264,1132318,4185812,16598688,72417192,319071181,1335481610,5371537977,21601388648,87575865036,353818688176,1414312747170,5587175996232,21924529365550,85666105430460,332859373907408,
194,1016,2266,7148,40829,255960,1136074,4190516,16593083,72704700,320203094,1339348564,5381807508,21647583248,87827569322,354854629068,1418003285242,5600803709736,21979424254998,85888751501036,333717935575014,
192,1024,2230,7276,40386,255264,1132318,4185812,16598688,72417192,319071181,1335481610,5371537977,21601388648,87575865036,353818688176,1414312747170,5587175996232,21924529365550,85666105430460,332859373907408,
194,1016,2270,7148,40884,256240,1135809,4196982,16616195,72800004,320559469,1340670746,5390018373,21680504144,87956859276,355382538304,1420176090486,5610091878792,22016489486182,86034283630732,334297518658104,
192,1024,2212,7312,40422,254976,1129637,4177390,16598178,72369160,318619510,1333297452,5364325369,21579458440,87480941331,353374014650,1412517870492,5580465407904,21899546848957,85569186962514,332480779041864,
192,1024,2212,7312,40422,254976,1129637,4177390,16598178,72369160,318619510,1333297452,5364325369,21579458440,87480941331,353374014650,1412517870492,5580465407904,21899546848957,85569186962514,332480779041864,
192,1024,2216,7312,40440,255328,1129836,4181640,16617282,72453064,319035588,1334660104,5371202234,21609761560,87606838782,353908165412,1414631953764,5589248490392,21935555503704,85713088817032,333056370543462,
192,1024,2212,7312,40422,254976,1129637,4177390,16598178,72369160,318619510,1333297452,5364325369,21579458440,87480941331,353374014650,1412517870492,5580465407904,21899546848957,85569186962514,332480779041864,
192,1024,2216,7312,40440,255328,1129836,4181640,16617282,72453064,319035588,1334660104,5371202234,21609761560,87606838782,353908165412,1414631953764,5589248490392,21935555503704,85713088817032,333056370543462,
192,1024,2212,7312,40422,254976,1129637,4177390,16598178,72369160,318619510,1333297452,5364325369,21579458440,87480941331,353374014650,1412517870492,5580465407904,21899546848957,85569186962514,332480779041864,
195,1012,2272,7120,41146,256408,1134358,4192908,16621421,72899204,320672926,1340293092,5389184293,21686265624,87993215777,355474946294,1420336576756,5610901943600,22021429161315,86055569580750,334377051031000,
195,1012,2272,7120,41146,256408,1134358,4192908,16621421,72899204,320672926,1340293092,5389184293,21686265624,87993215777,355474946294,1420336576756,5610901943600,22021429161315,86055569580750,334377051031000,
192,1024,2216,7312,40440,255328,1129836,4181640,16617282,72453064,319035588,1334660104,5371202234,21609761560,87606838782,353908165412,1414631953764,5589248490392,21935555503704,85713088817032,333056370543462,
195,1012,2272,7120,41146,256408,1134358,4192908,16621421,72899204,320672926,1340293092,5389184293,21686265624,87993215777,355474946294,1420336576756,5610901943600,22021429161315,86055569580750,334377051031000,
192,1024,2216,7312,40440,255328,1129836,4181640,16617282,72453064,319035588,1334660104,5371202234,21609761560,87606838782,353908165412,1414631953764,5589248490392,21935555503704,85713088817032,333056370543462,
195,1012,2272,7120,41146,256408,1134358,4192908,16621421,72899204,320672926,1340293092,5389184293,21686265624,87993215777,355474946294,1420336576756,5610901943600,22021429161315,86055569580750,334377051031000,
195,1012,2272,7120,41146,256408,1134358,4192908,16621421,72899204,320672926,1340293092,5389184293,21686265624,87993215777,355474946294,1420336576756,5610901943600,22021429161315,86055569580750,334377051031000,
195,1012,2268,7120,41098,256120,1134467,4186874,16599403,72804380,320308950,1338921700,5381121000,21653855576,87863866436,354943638656,1418149596516,5601631737544,21984409896954,85909602894844,333795221919214,
192,1024,2212,7312,40422,254976,1129637,4177390,16598178,72369160,318619510,1333297452,5364325369,21579458440,87480941331,353374014650,1412517870492,5580465407904,21899546848957,85569186962514,332480779041864,
195,1012,2268,7120,41098,256120,1134467,4186874,16599403,72804380,320308950,1338921700,5381121000,21653855576,87863866436,354943638656,1418149596516,5601631737544,21984409896954,85909602894844,333795221919214,
192,1024,2212,7312,40422,254976,1129637,4177390,16598178,72369160,318619510,1333297452,5364325369,21579458440,87480941331,353374014650,1412517870492,5580465407904,21899546848957,85569186962514,332480779041864,
195,1012,2272,7120,41146,256408,1134358,4192908,16621421,72899204,320672926,1340293092,5389184293,21686265624,87993215777,355474946294,1420336576756,5610901943600,22021429161315,86055569580750,334377051031000,
195,1012,2272,7120,41146,256408,1134358,4192908,16621421,72899204,320672926,1340293092,5389184293,21686265624,87993215777,355474946294,1420336576756,5610901943600,22021429161315,86055569580750,334377051031000,
195,1012,2268,7120,41098,256120,1134467,4186874,16599403,72804380,320308950,1338921700,5381121000,21653855576,87863866436,354943638656,1418149596516,5601631737544,21984409896954,85909602894844,333795221919214,
192,1024,2212,7312,40422,254976,1129637,4177390,16598178,72369160,318619510,1333297452,5364325369,21579458440,87480941331,353374014650,1412517870492,5580465407904,21899546848957,85569186962514,332480779041864,
195,1012,2268,7120,41098,256120,1134467,4186874,16599403,72804380,320308950,1338921700,5381121000,21653855576,87863866436,354943638656,1418149596516,5601631737544,21984409896954,85909602894844,333795221919214,
192,1024,2212,7312,40422,254976,1129637,4177390,16598178,72369160,318619510,1333297452,5364325369,21579458440,87480941331,353374014650,1412517870492,5580465407904,21899546848957,85569186962514,332480779041864,
195,1012,2272,7120,41146,256408,1134358,4192908,16621421,72899204,320672926,1340293092,5389184293,21686265624,87993215777,355474946294,1420336576756,5610901943600,22021429161315,86055569580750,334377051031000,
192,1024,2230,7276,40360,255088,1132278,4185260,16591097,72355972,318844817,1334720218,5368261036,21584745208,87496916753,353490782022,1413009250020,5581931175752,21902666485368,85574910734408,332489103521840,
192,1024,2230,7276,40360,255088,1132278,4185260,16591097,72355972,318844817,1334720218,5368261036,21584745208,87496916753,353490782022,1413009250020,5581931175752,21902666485368,85574910734408,332489103521840,
192,1024,2234,7276,40402,255416,1132051,4190954,16612953,72450380,319236490,1335995420,5375896893,21617410064,87628004413,354030126398,1415159861674,5591116232120,21940062249248,85722806106352,333078068255476,
192,1024,2230,7276,40360,255088,1132278,4185260,16591097,72355972,318844817,1334720218,5368261036,21584745208,87496916753,353490782022,1413009250020,5581931175752,21902666485368,85574910734408,332489103521840,
192,1024,2234,7276,40402,255416,1132051,4190954,16612953,72450380,319236490,1335995420,5375896893,21617410064,87628004413,354030126398,1415159861674,5591116232120,21940062249248,85722806106352,333078068255476,
192,1024,2230,7276,40360,255088,1132278,4185260,16591097,72355972,318844817,1334720218,5368261036,21584745208,87496916753,353490782022,1413009250020,5581931175752,21902666485368,85574910734408,332489103521840,
194,1016,2270,7148,40862,256072,1135755,4196730,16608108,72741872,320353112,1339966000,5386866476,21664120664,87881637132,355073535392,1418931179649,5605037473460,21995346790368,85946452787272,333942092422800,
194,1016,2270,7148,40862,256072,1135755,4196730,16608108,72741872,320353112,1339966000,5386866476,21664120664,87881637132,355073535392,1418931179649,5605037473460,21995346790368,85946452787272,333942092422800,
192,1024,2234,7276,40402,255416,1132051,4190954,16612953,72450380,319236490,1335995420,5375896893,21617410064,87628004413,354030126398,1415159861674,5591116232120,21940062249248,85722806106352,333078068255476,
194,1016,2270,7148,40862,256072,1135755,4196730,16608108,72741872,320353112,1339966000,5386866476,21664120664,87881637132,355073535392,1418931179649,5605037473460,21995346790368,85946452787272,333942092422800,
