8,9,10,11,12,13,14,15,16,17,18,19,20,21,22,23,24,25,26,27,28,29,30,31,32,
505,5594,24054,64562,133896,268876,531429,1076189,3257793,12070844,42740908,137262522,394686738,1027039509,2461318162,5691783169,13329363233,32513074333,80178148471,201007555107,502589730765,1233910002273,2993978865154,7316563413942,18255717670429,
557,5535,23941,63367,134325,273459,530977,1107659,3530073,12927958,45458615,145901473,416272982,1071179570,2574495997,6037663504,14355281589,35179441166,87972879266,222447727473,559776346193,1382465752660,3369857887116,8229957981012,20391775672463,
508,5610,24051,64604,134063,268731,539419,1117015,3472044,13001778,45719955,146346345,420648433,1092277977,2621545621,6114461139,14478144091,35718823891,89129666466,225220731910,566716890583,1400965065518,3423159516326,8417051985564,21095357816139,
569,5596,23833,65416,133139,267648,554110,1151856,3523413,12954692,44506345,139319619,395555570,1022855993,2469614393,5762322311,13660199983,33725734736,83467751817,207819730758,517732346271,1274027933509,3116407278486,7722798251026,19605990207084,
652,5526,23540,64298,133989,265991,529912,1068747,3199508,11571661,40023491,126470129,356829429,912902695,2186014234,5074407117,11926289414,29061466809,71980964733,179412385500,445313464370,1081372250373,2580677794104,6150856710919,14880118226116,
586,5447,24145,63767,134451,268949,529418,1064711,3221691,11939073,42490474,136191092,391467311,1011500092,2420904810,5597993517,13045048943,31577887081,78039317437,195030043127,488343006166,1203089838978,2924248762362,7134260452300,17753773205257,
585,5514,23871,63492,134115,272183,525467,1074324,3322851,12064869,42425981,136017400,389326834,1008287711,2422909423,5632227069,13237068805,32087594978,79278106314,198324862384,496802642315,1228885127288,3019343142583,7481157164353,18935456618510,
498,5548,24267,62830,135592,274790,529916,1118356,3581683,13281693,47292167,151135180,430484390,1117990115,2699886148,6328261611,15070018000,36882435294,91770161362,231021723403,580113651347,1433072608221,3509535443920,8675705449736,21936627721847,
539,5543,24165,63020,135295,272701,525514,1080568,3303065,12117188,42358292,134574787,382604667,983532920,2368049030,5521181153,12984788753,31661921895,78450545441,195831795673,487490683927,1192849310034,2884598462276,6993712194090,17241067723589,
549,5689,23574,63635,135041,270481,532297,1129775,3525733,12612455,43546367,136641914,384413258,991718937,2397222671,5648337033,13481806020,33056288329,81874231598,203817998587,505035393946,1230059552568,2966948811010,7205765149747,17836675810061,
539,5557,24183,63075,134965,272310,528315,1076364,3373304,12514030,44371073,142319164,406995629,1046565502,2492282148,5767231830,13526007451,32797952380,81529811867,205787887850,518847797311,1287529026174,3164862098823,7834852152344,19828313283316,
556,5622,23776,64156,134584,267890,532073,1083193,3277924,12016513,42313368,135606860,387972052,996804001,2384514907,5510452801,12776867932,30730813208,75596793995,188338535821,470984650716,1162682052315,2851034406674,7059234419638,17913341830821,
535,5447,24355,63285,134145,274590,530814,1105443,3493517,12882259,45193686,143403466,406965499,1048423248,2511334306,5848070073,13809512148,33495080337,82825293095,207777424781,520814144700,1286220144021,3159312769024,7849917682449,19976912141719,
611,5514,23785,63798,133862,270802,535310,1122953,3527243,12838438,44699421,142245262,403547508,1041989865,2510858137,5863681021,13862855598,33731859964,83449071402,208850686379,521905317828,1282423123544,3122697199758,7661692005313,19172389354112,
587,5554,23944,63668,134898,268364,529648,1077644,3247623,12126387,42609373,136366407,390184790,999557864,2374324274,5458485809,12634655181,30364999756,74866002533,187264932992,468353422479,1156272730124,2832426098058,7002335769590,17792601153972,
593,5513,23853,63649,133917,271632,529607,1085505,3384694,12323472,43480376,140427670,402906522,1041611407,2508957322,5841121608,13712539892,33239730604,82291578490,206636377997,518625100643,1279703330458,3125293437971,7671408324549,19182076538587,
540,5606,23993,64988,133204,269102,549760,1165554,3701359,14002287,49013735,154586044,441754818,1146364224,2750222584,6398433154,15170562567,37343990951,93042142925,234164812245,586589566090,1445347092887,3526796159388,8706348790610,22055751994831,
489,5651,24040,62927,136670,270784,527694,1093312,3431778,12436587,43775735,139735721,399030368,1028472957,2460352328,5723397802,13442674383,32627516755,81126086475,204250151505,513141354789,1268368351363,3102163546272,7625014311491,19121790007699,
493,5578,24223,62770,136587,272675,532604,1111256,3567352,12825514,44424889,140083865,396691520,1017248169,2429959775,5634760348,13269426306,32068014586,78967383404,197106110340,490318098294,1200698545409,2922184553616,7200802105574,18213963424934,
460,5559,24435,62369,136534,275709,529273,1108053,3540778,12569690,43491895,137217163,387427213,995322419,2388770343,5548357253,13079792132,31661905407,77852216878,193885911402,482319345330,1184572775443,2900546105506,7208257209629,18405714971143,
502,5494,24445,62706,135521,274810,533008,1123804,3598262,12907095,44404266,140191143,397102083,1025274360,2471011885,5797711224,13783043551,33571212510,83018247151,207826579080,519410530602,1278890990101,3134081377746,7753358402909,19564575568675,
465,5447,24724,62709,135722,275530,530266,1105817,3498356,13070100,46484144,149861604,432044236,1118859638,2694378915,6297287459,14870164222,36283219972,90298394417,227555029125,573807173236,1427894139295,3532529816200,8821155628031,22525688678403,
470,5454,24618,62556,135364,277702,525842,1081856,3375538,12098687,42313451,136136263,392069697,1013389123,2434786340,5641955848,13174005987,31829940740,78526465804,196651483798,492681374116,1217560049693,2983473862518,7348007242844,18461612015840,
492,5663,24026,63909,135824,268826,543848,1124323,3563137,12959695,45100954,142010044,401486077,1024900051,2427150226,5596515012,13080525210,31712248979,78549320874,196301646540,489117638673,1197299541911,2907979629495,7143840113239,18055747206187,
449,5635,24283,63277,135643,272042,526100,1043673,3226780,11389997,39916449,127178320,360609989,922302852,2182297598,5038397783,11788425224,28526587234,70917942542,178277338120,445489140604,1087706691631,2605836332562,6217748729301,15019256246255,
466,5630,24106,63626,136011,270734,532611,1086314,3405677,12442398,43982041,139396499,393361882,1006589484,2397818247,5510798201,12866187425,31136213763,76830971445,191909124380,477859259047,1170170419000,2837443486918,6953051710833,17512241311611,
470,5660,24079,63738,136078,268704,532044,1089968,3438322,12633394,44779116,142165349,401759489,1030095481,2463696752,5706845135,13500977938,33229520864,83067404098,209284236599,524955638509,1292281927336,3141362094283,7689392402490,19251092045836,
517,5610,24032,64692,134181,268888,548483,1151163,3586594,13682361,48467893,153419632,438948542,1138294868,2716223810,6305981742,14902781041,36632192221,91314184732,230958976547,582535598865,1449134603244,3573493531482,8898583004356,22690433734342,
616,5474,23815,63972,133853,270668,538847,1119481,3454286,12298323,41529853,128827501,361750256,930152544,2246087609,5237476895,12346925317,30085645094,74168962714,184259963658,457944983848,1117042542866,2687794984474,6471899747299,15788434905122,
560,5391,24409,63217,134041,273970,529028,1073078,3263789,11684296,40493785,128009459,363607469,939230179,2252408413,5233755651,12310127780,29936281286,74061416989,185000310867,460879730550,1129696594347,2736267296928,6640178286368,16360149147809,
576,5538,24016,63124,135012,271741,534365,1108616,3412963,12066006,40552895,126299461,356041142,913832676,2195523707,5124678062,12135846334,29635232272,73303422840,182955095711,455703538449,1116521687035,2710973541547,6628316178829,16515662679608,
592,5423,24121,63789,134060,270460,531009,1063057,3199344,11629531,40446303,127473259,362159402,933448926,2230062076,5164440505,12111683999,29409080361,72801885061,182109334662,454706799562,1117618349239,2716455807343,6638443297542,16539718305148,
484,5599,24286,62647,134996,274400,509920,994750,2942878,10646529,38232103,124828225,364400605,949586477,2270496252,5202689787,11913520888,28180974460,68180117188,169260125577,422837375647,1042422565517,2545331660971,6217526694422,15392654780450,
566,5659,23741,63851,134361,268173,521984,1019272,2957909,10661535,37776775,121453892,351588280,913195803,2192221515,5011535363,11466229671,27215429751,66125456045,163774061776,409795075410,1015066727549,2486803465016,6080838806336,15022529645450,
488,5670,23946,62954,135294,274702,521066,1063021,3284950,11859256,42559271,136909449,392755799,1026561364,2466174228,5693063750,13269116702,31932162785,78305668796,195378218573,488366950171,1202864736906,2932895438927,7167382922368,17862469077513,
582,5558,23680,64194,133645,271406,535149,1107862,3430832,12719844,44754647,142543161,410503597,1073890719,2599175028,6058559403,14288851664,34736292481,85675988810,214364822445,538228426753,1334990707264,3285005403760,8121438227067,20449829215580,
481,5725,23995,62875,135351,273623,522714,1066979,3284319,11906986,42446077,136492735,395027867,1025778587,2459868977,5677568049,13131864577,31462770010,77349007259,193922354371,488418901014,1213232641498,2979349694786,7299815942765,18107188037190,
594,5571,23654,64127,134080,268046,522861,1025508,2952611,10561622,37463232,120688676,349815748,915124148,2207569801,5074776172,11684294770,27899432689,67749510707,167453878956,418705687861,1034706994051,2531662236902,6200141499905,15356335508099,
504,5645,24052,62947,134506,275360,521720,1069814,3286642,12273331,44607310,143762046,416715164,1084528167,2587395480,5980797176,13945453273,33508600292,82765935377,209051940992,528734665499,1318090193481,3251853078746,8030201025000,20158685504786,
626,5516,23588,64194,133979,268134,529766,1074288,3268246,12151150,43125567,137936378,394643393,1027375529,2466505489,5689804613,13318373106,32099780284,78678384189,196153403569,490176257158,1207928247195,2955495062654,7279338656245,18281853617421,
564,5627,23857,63605,133904,272004,530227,1075322,3264844,12187140,43782627,141483048,410861095,1071964078,2574353078,5947516227,13890751552,33439140331,82588018576,208640661156,528544415899,1320455935070,3264602456341,8078524463785,20333403146462,
508,5629,23950,62995,134490,275588,516495,1053337,3240281,11862204,42487577,137099675,392984998,1018007443,2430619925,5610942230,13111603518,31649979586,78275143439,196905150542,494748989322,1222667197594,2988798331196,7338617982282,18363522235937,
536,5655,23740,63409,134764,271934,523519,1070555,3242277,11617418,40814880,130097619,371612929,958113622,2278548657,5245153215,12187301365,29099099443,70951571175,176702289115,440571290230,1080813601070,2621521037834,6371981233680,15738929822764,
546,5626,23925,63456,133999,272958,529540,1081614,3281222,12002406,42585071,137273744,397203167,1033578131,2482665479,5745096794,13368371376,31977728605,78472106452,196656586466,494075114604,1225869958745,3017104069201,7448913055144,18704098848937,
476,5780,23782,62700,136350,272768,521332,1071715,3338206,12063368,43452185,139841070,398592932,1036372354,2470231563,5697431331,13301049644,31924122479,78193695132,195361207731,488351846422,1201399433769,2929656831039,7173388368396,17904878226345,
537,5579,24037,63185,134547,272460,516470,1026466,2999091,10821647,38904280,126000611,365331600,949168921,2265250943,5202170650,11934020828,28297493048,68693963150,170537034844,425880341268,1050826941434,2568888526992,6285831803978,15598432672749,
537,5665,23734,63425,134942,272092,529738,1111320,3488521,12813682,45338030,145186148,416002759,1073785995,2569873113,5990745374,14136466510,34346250579,85206511439,215185987004,542933164878,1347513662881,3307084035341,8126377174983,20250923783386,
575,5524,23909,63516,134091,271095,519121,1027237,3051033,10887983,38124533,122397636,349326440,902451427,2156740771,4969304935,11571542450,27767778092,68071944574,169829267022,424027361079,1040121021157,2514580653865,6064528436856,14773146847824,
630,5546,23561,64306,134018,265954,526051,1046144,3058696,11068643,38606380,122927423,350883901,910410954,2192485160,5064158401,11809738280,28410095394,69257902538,171203896395,425073803351,1040354529796,2521917642989,6127439365265,15083597794506,
539,5629,23955,63363,134123,273348,528724,1089406,3340972,12378080,44313996,142521466,412672085,1077099761,2591645722,6018822382,14121205624,34061828166,84119326754,211966620552,535551584628,1337407873885,3314831433715,8245338470056,20877741262797,
579,5529,23894,63631,133753,270888,519117,1018283,3002724,10788142,38615096,125576176,363403038,947359918,2264077647,5204036623,12020712897,28489912624,69173839166,171872279556,428653112645,1053343555909,2559452901239,6221504001397,15329968949547,
602,5528,23680,63968,134401,269766,531087,1086254,3307642,12275334,43255211,137573579,393787244,1025624754,2468453145,5711294078,13384290083,32328581396,79275530160,197495874305,494436214740,1223235882521,3014037648849,7505149539167,19091812625501,
573,5536,23856,63644,134042,271504,526085,1067191,3248661,11670619,41396466,133470621,385648703,1006375119,2422527221,5621423528,13132366297,31535396822,77438651197,194050327190,488510946597,1215639520627,3002311820040,7442164440813,18745943633310,
515,5650,23859,63138,134629,273960,513247,1024153,3057016,10960169,38921358,125081822,357571914,926706187,2218070055,5101835141,11863174683,28526983984,70002667330,174768464066,437454311831,1077047311362,2619794026859,6387824773665,15851587543564,
612,5520,23641,64160,133772,269052,528893,1061885,3176133,11515420,41024832,132186088,382569502,1001047404,2404503265,5543727599,12909958806,30976461604,75888370810,189799333501,477324216601,1186457986562,2926090014512,7239933148457,18209246737833,
566,5635,23851,63657,133813,271420,530574,1083319,3313932,12285380,43933916,141930716,409958739,1064610401,2560793415,5940104365,13924572441,33747554798,83733426998,211311295482,533491908746,1324945122501,3244356863158,7915096236053,19531975260246,
535,5659,23731,63399,134966,272476,527818,1101696,3406959,12351618,43537035,138619515,396514856,1024381917,2442326696,5655329707,13229515626,31881173149,78733751905,198229645191,499087084183,1239035210293,3051815967860,7564953331743,19126800437977,
539,5629,23955,63363,134108,272842,523294,1062010,3212834,11779399,42358393,137495732,397924453,1033561949,2478221876,5716598136,13292443336,31898184617,78480824940,197256345274,496941474132,1232585150853,3023809898156,7417085855193,18470906008453,
561,5528,23962,63482,133928,272454,520533,1027928,3046767,10738823,38056953,123228320,356191856,927051551,2219818311,5109028290,11804801442,28046695362,68265922755,170022471799,425967300059,1052566099775,2572128041483,6286404777185,15560177222219,
546,5626,23925,63456,133983,272726,527993,1073047,3235331,11796227,41813333,134725562,389587479,1013363857,2434607891,5635077980,13120768921,31434914833,77256894846,193940586798,488490932281,1215112197804,2996496533376,7406458356052,18604470275869,
565,5636,23599,63862,133925,270862,516226,1012026,2909542,10400137,36911166,119394097,345261884,896419736,2144645738,4914720956,11278134949,26891780115,65641605428,163455630804,410507803473,1019419959398,2506424944754,6156991035274,15294915514456,
566,5646,23593,63878,134086,270826,520688,1032062,2989787,10751791,38108028,122895716,355372396,924134596,2213980134,5080876338,11687406715,27908164790,68085007158,169425344972,425433947149,1057659170906,2614103415160,6492456562384,16393101076866,
519,5673,23925,63199,134661,273060,523649,1080282,3289294,12031154,43067219,138376048,400321853,1040524282,2492721495,5764570467,13347910350,31849791789,78094071526,195720662643,493459139181,1232449228792,3060522276482,7638622872255,19428540686530,
582,5674,23419,64074,134866,267239,526696,1069144,3202411,11762269,41541854,131547236,376004290,975646648,2339488831,5389163017,12563178248,30221147819,73791974897,183407081418,458162678866,1130763639990,2780383838689,6912920234006,17625918379781,
529,5618,23959,64876,133674,268325,547902,1155815,3609193,13850710,47814745,149078595,421593982,1090374987,2612510605,6124610891,14621000911,36209336604,90580990286,228302650302,571929469083,1410417897556,3424199075543,8343642510984,20713738149218,
543,5555,23951,63499,133978,275836,542318,1162303,3775350,13962982,48357224,150738182,422096923,1081026947,2583911587,6077255635,14597746197,35996508191,90189975419,227557235784,569652069542,1403374979510,3425533456083,8430478940016,21200527460668,
540,5622,23901,63519,134398,273728,534930,1113983,3469260,12798103,44384527,139467096,396162939,1014693051,2422231618,5628323983,13229873096,32200768316,79819095713,200121604816,501029295215,1235430469928,3016060487799,7373740160802,18272043028131,
498,5475,24450,62887,135317,274605,522943,1055901,3193278,11302538,38619049,122175460,348031638,892147009,2144947560,4993761313,11709833195,28558047289,70953367285,177494462573,442285993623,1083055580821,2613764871331,6302455192699,15417835415584,
518,5519,24209,63121,133534,278820,520431,1041067,3103240,11046197,37790882,118944826,338434151,859876381,2037042114,4708322681,10904962933,26147251652,64353802415,160068810197,396052569558,961792964641,2297511993862,5469319636569,13203491350112,
591,5586,23881,65368,132840,266905,560712,1165939,3569310,13360556,45055103,138411840,387799361,997290287,2386868664,5568162075,13157273262,32264594037,79634971298,198056828324,492908527615,1218066506393,2995451496453,7424602659646,18792760861888,
460,5620,24257,62844,135955,274245,525718,1065452,3268096,11281514,38254755,118592761,332608507,850096111,2027894012,4707985925,11051299720,26818016622,65907685137,162896229392,401756467274,972896826611,2327951966261,5587183249084,13627603070168,
471,5458,24613,62610,135233,276094,518977,1026416,3071780,10906311,37770356,119290411,338856569,862863744,2041513640,4714495430,10978945657,26385591985,64966580701,161551030585,399150464852,970186166184,2329835429979,5617664199728,13813861623755,
541,5626,23952,65010,133368,265406,534176,1049876,2998846,10934884,37436845,116459476,326659722,838794210,1993607837,4588572558,10625858024,25550842025,61900627346,151661472506,370889273708,895682753866,2139959797501,5155784768607,12687470903096,
621,5547,23889,64733,133299,265310,540810,1067159,3136095,11221142,38038638,116667333,324909477,833049007,1995724674,4620695432,10785821075,26112169325,63323153382,154821897831,378669062018,918943804107,2228389844625,5486448198802,13922976161859,
598,5586,23832,65526,132448,263188,542923,1051840,2956695,10885814,37095049,115176965,322553746,829092983,1974713596,4548794115,10533311978,25374533827,61224956163,149448054455,365024730464,885105600939,2139197638141,5235695265908,13157222307290,
565,5549,24038,63771,133580,272211,529424,1038899,3118926,11076024,37623480,117098442,328627421,841278839,1998709196,4616953415,10753570330,25719963116,62751569747,154887873981,382432633644,932104845392,2253259450084,5492959779719,13692022354881,
614,5520,24002,64658,133198,265362,539367,1053008,3147775,11565161,39299274,121036091,335678555,849474978,2015230827,4630882438,10779898040,25996448371,63123558495,154458130897,376706005425,908740395945,2174148721579,5262953370770,13076475928379,
592,5679,23522,64490,134123,267491,547744,1146384,3637341,13446241,46250205,143376581,402360290,1025050070,2441438208,5674252812,13373676844,32656439537,81179378607,203401056952,507840696140,1245743255261,3016919156078,7330786914640,18160226500150,
587,5452,24027,63370,133529,272633,512849,959615,2675043,9125791,30918630,97487380,273030496,695252736,1648592193,3742916027,8519596294,19818792700,46678182279,111477093750,268240471924,640796545673,1537723604234,3784030735533,9637410318377,
526,5625,23844,63323,134006,275269,516134,1000086,2892764,10255026,36176021,115712700,331278947,859789199,2044874855,4689830473,10765373229,25261958982,60591131721,148288947313,364536011165,888194686607,2160227667040,5324599645969,13507398289681,
596,5514,23776,63336,133708,272514,510710,964590,2699579,9110784,31060910,97463546,271711826,692410951,1634842022,3710620158,8426169378,19603137988,46256969554,110842664745,266985831338,635241744753,1509656487955,3658103501102,9172529253986,
595,5504,23782,63320,133693,274904,522485,1023459,3011119,10599168,36720596,115661647,327282469,848142776,2025605619,4669769040,10839194656,25647996939,61513083531,149934003276,366968195552,890377942133,2160135759135,5322909339438,13494107745498,
577,5603,23644,63839,134635,268792,524654,1048535,3176050,11711363,41346991,132428590,379282417,988300321,2372234438,5458553373,12701267014,30476960845,74641714535,186500411382,467176040152,1153281662148,2818125651312,6889306507964,17097575952216,
602,5588,23664,63598,134267,268844,516813,988366,2777162,9459034,32028148,100158747,281078592,718749761,1701863773,3866861513,8813577851,20521375642,48419744747,116191971250,281223781034,676835391724,1635807149116,4043187935230,10324930240510,
608,5566,23643,63746,134152,269766,526997,1041830,3103740,11351633,39750677,126263821,359369067,931422510,2230336683,5160585169,12083341857,28938003988,70454948698,174223618358,431590556818,1060882759603,2604136442004,6473127934824,16485631821237,
622,5599,23391,63643,134498,271124,531888,1099937,3404260,12537071,43779812,137747771,388796177,1004251950,2415070369,5649916191,13436854108,32702787574,80668111917,201213138139,500834402789,1233177190789,3027428474421,7518844577983,19114380492609,
524,5583,24166,63489,133209,275722,530469,1079021,3335977,12031789,41177870,128588740,361974288,925309853,2219067830,5200703955,12333411285,30024269804,74351646067,185817084364,462164751622,1135524248350,2770934511647,6810163099322,17050522927913,
488,5504,24393,62528,134446,279837,512719,999826,2987409,10470585,35937765,113556030,326704254,834394314,1981252031,4586484584,10581723469,25240444496,61805841386,153238076241,378445342274,918078233676,2197385761681,5250050814142,12728313299472,
526,5528,24097,62838,135015,276022,524891,1059179,3230018,11556417,40258727,128558018,367550130,951324022,2280355851,5285756639,12344218892,29510351183,72017506627,178546488361,443014351703,1083081409646,2625181781172,6420686897731,16066524538627,
527,5604,23947,63244,135017,271961,521442,1032836,3023980,10575396,36250517,114051398,322604395,828998509,1979794419,4551705022,10527705856,25211682110,61341837679,151193438668,374382027478,912763811847,2199642018247,5306523308615,12943303466064,
592,5541,23716,63883,134682,269647,530196,1064107,3139898,11043957,37643185,119392830,340430316,876363771,2108746656,4885237209,11356964527,27400595211,67291280330,166685151399,415269681845,1019870044333,2471438950907,5995146271339,14700116449839,
564,5569,23932,63854,133992,270170,526886,1031479,2973687,10647753,36436210,114502605,323890181,823866987,1968760085,4526938828,10416259049,24935393069,60779614915,149535317516,369008722198,898008376464,2160187599698,5202884313240,12679406351603,
495,5635,23991,62749,135460,276935,527202,1087990,3347225,11946911,41822564,132841623,382175970,996397438,2407418443,5592537921,13084846961,31620874137,77599751131,192985481476,481652174958,1189864861027,2920771569219,7227096339227,18268367936831,
535,5691,23747,63391,134950,273383,537988,1145833,3631161,13158924,45609612,141451447,398101887,1021251871,2457260966,5763115380,13686233329,33517240736,83100956082,207289696565,515015279116,1265018519428,3081892203763,7560629627543,18945178380007,
522,5458,24325,63084,133441,277936,523684,1079502,3270305,11764755,40844765,127619300,359442390,918974077,2198588523,5156163899,12142927299,29619913759,73476689232,183587245399,457447174041,1121644685190,2721035360017,6611192923135,16290784828447,
557,5594,23809,63930,133161,273939,537111,1094640,3407185,12612790,43860100,138632581,393972752,1010587999,2417651078,5644513752,13353219152,32447095253,80489180053,202378414639,507494118392,1255242729676,3078371296090,7609042875442,19210880712017,
496,5734,23866,62608,136261,273784,529457,1107527,3465852,12275116,42106312,130780507,364434076,935529895,2235343967,5231824854,12485930562,30488812068,75669574790,189534513722,470709831754,1147857480288,2771431939231,6742763026975,16729128463611,
541,5545,24199,62803,134970,274302,534458,1105234,3474581,12560375,43381377,136767217,388745122,1008387479,2436586656,5696724030,13450454204,32702899445,80790849755,201559496002,503651482595,1244580522069,3053646820422,7540609347427,18981984202385,
559,5338,24420,62944,133475,277853,522444,1043134,3165919,11102873,38190269,118734630,333765587,854564700,2041046516,4762408593,11169154505,26855729542,65807214643,162463169455,399722416146,968666193856,2318362595752,5555794538701,13491445447155,
515,5600,23983,64576,133204,270032,524777,1042787,3062456,10984590,38542973,122644106,350251890,900804013,2123486755,4761892609,10672299196,24708293924,58364189840,142480530005,353981764785,875755416208,2169066778094,5464966149378,14192046489881,
477,5586,24158,64406,133897,271243,527992,1052706,3142283,11240425,39874639,127762954,368787864,959631621,2285333521,5180258205,11784173119,27801019357,66939417694,165767540940,415968938240,1036850129393,2579128838626,6500293132170,16813460146075,
566,5690,23549,65406,133232,264182,534898,1048885,2930423,10124341,33982516,102739822,283381449,714583086,1667329992,3765478475,8467721616,19769657071,46838543983,112503299887,274551925165,668408621975,1646165207803,4198848919820,11176926833451,
586,5568,23868,65064,132735,265514,531660,1037929,3007232,11052212,39128877,125179749,359614471,930445693,2207329213,4960178292,11197113394,26272574268,62704974003,154499744072,387731341279,966030900864,2403671164783,6077641301307,15856415087537,
493,5558,24188,64530,133333,271131,528132,1043649,3088785,10950770,38172627,120790034,347603307,903257169,2142948861,4865850730,11054795127,25938702188,62106996123,152384129075,379652583768,945715981597,2369381667588,6063305476703,15988416956857,
539,5640,23977,64460,133733,266333,526890,1006813,2818291,9561486,32605807,100700326,281155243,714278145,1670361248,3728914338,8343193436,19347007207,45525352805,109865283281,268681385922,650547294163,1581713923704,3952131742227,10292647843470,
509,5582,24034,64442,133263,271156,523628,1043885,3085737,11191426,39642716,126881203,364742131,943353285,2230798497,5037407101,11423616616,26747914621,64023542113,158202942918,396061739188,985710521448,2449599057593,6174300734311,16013884412933,
521,5656,23819,65100,134266,266348,538516,1090114,3199664,11253386,39228824,123706733,350680250,906902168,2151195981,4834370575,10823713147,25560861615,61096076949,150156792450,378378221692,953927032396,2423161331322,6313317130221,17017467174845,
562,5714,23503,65430,133257,263466,531029,1039714,2977417,10717288,38013650,120887456,345250417,891138847,2102072152,4678487885,10442110170,24312372486,57443636599,140265138350,350457906554,870327084808,2168683386268,5515618204668,14524886193479,
508,5572,24330,64244,133949,267874,529847,1042883,3104582,11264238,39919492,128084192,368353032,952581631,2271859979,5166565720,11794307568,27968640959,67460993500,166985183838,419191869210,1043502316147,2590384069690,6521002837903,16874229572028,
560,5592,23732,65196,133333,266918,535197,1051637,2977619,10589459,36628214,114037769,321771210,823063122,1947236512,4371206463,9782846350,22735584654,53360591279,128582913214,316063689972,774683091932,1912426359837,4856462895741,12868928335826,
589,5586,23858,65066,132999,264637,534854,1052158,3037637,11097785,39028780,124222418,355479900,919472077,2193210797,4928457333,11107314820,26133463496,62330221496,153339986896,385533762065,962997189204,2405424035359,6110476164700,16040345945797,
552,5712,23538,65324,133285,264138,528300,1034755,2998631,10804586,38068358,120943321,345047069,888353776,2097174426,4686721507,10471117180,24350136268,57482549461,140062495216,348984934158,865403623648,2154744964606,5478054296949,14437405874220,
491,5582,24342,63996,134691,269258,539379,1118721,3504300,12764874,45056199,142810050,407169721,1053276893,2508353419,5737140780,13186037895,31517959089,76659747796,191253519614,482377883891,1206035098525,3007751227195,7605840580613,19770986317081,
523,5592,23961,64672,133086,269734,526236,1037095,2996153,10737284,37866803,121059256,347543547,899005971,2118449428,4737806523,10634846258,24683900225,58367512378,142860638543,355596615976,879558451017,2176592103163,5482646306203,14259019469416,
541,5568,24053,64708,134475,266066,543537,1103360,3341692,12292768,43377866,138608293,398098460,1032881774,2480513634,5662720224,12990646044,31016761691,75032868192,185858178969,468004370205,1170288988037,2921620128789,7391729118757,19185767165081,
500,5584,24078,64344,133698,271052,525105,1028938,2992245,10604026,36844858,114711723,324852199,831192342,1952612334,4382058385,9818990210,22701530809,53272561634,128669179794,315668411866,772003726908,1901008036269,4807533320123,12667743719850,
528,5612,24034,64410,133337,268778,530918,1036164,3066322,11022025,39210885,124959128,358991419,935349942,2211978245,4968673892,11256182543,26355330538,62869283530,155332026182,390457601933,973768949127,2426405769916,6128932293116,15956896412144,
518,5546,24080,63110,134959,274958,526470,1080157,3370963,12264045,42983680,136690522,392278172,1016867779,2442527368,5708690668,13413981287,32480678095,80286201852,201077085139,504283139060,1248008909610,3067035938462,7589068568154,19160546231729,
493,5663,24021,62732,135201,275962,514525,1047039,3122359,11224991,39648719,126591165,362116674,928419605,2207410829,5109743969,11872816382,28542397357,70468562153,177010350927,444038445409,1095385004893,2669506338338,6507754992892,16080482368708,
543,5544,23982,63352,134659,272738,522185,1056018,3216965,11479372,39835663,126786629,363440287,939966839,2256083097,5256800164,12301221202,29673275891,73041512314,182127337279,454348554780,1119189451301,2740883253193,6764444456270,17043716925816,
519,5482,24222,62988,133604,279082,516870,1036722,3148448,11298106,40269914,128242868,366871220,945309449,2247952662,5225044745,12233303312,29462115841,72900144039,182952765525,457519381340,1125928558049,2735876037738,6669808136362,16528740552622,
454,5781,23770,62649,136459,275878,522437,1078267,3449160,12512038,44577752,141697549,402061791,1043215001,2490008594,5822628650,13822621038,33590347640,83116635377,208458129318,520478696344,1279606964943,3132098072348,7750822821319,19607135797233,
591,5713,23267,64451,134610,265610,527756,1070067,3204867,11525775,40180829,126313519,357905563,922677095,2219292152,5175237781,12207685380,29741039848,73474830158,183230987744,456188651088,1116190103150,2700049697969,6546784598750,16124346376843,
550,5561,23854,63587,134451,272037,523932,1079796,3344588,11997069,41391433,129923684,366613784,945919891,2273842103,5314174613,12594293343,30641025460,75571247585,188152467628,467306298503,1141653468793,2760979372649,6707834525066,16603921831268,
582,5539,23653,63991,134234,270333,522170,1046903,3135732,11340129,39829019,126235503,359457451,931978465,2234213624,5187559942,12184050555,29444428633,72522988585,181103449702,452399288122,1113949263700,2715947856534,6642418737493,16502873036317,
545,5604,23862,63164,135427,272034,525550,1040583,2982565,10361323,35180481,110413693,313545815,809105985,1919429985,4363327152,9891335388,22801785119,53580516360,129406452694,317318259451,780580823291,1943390324957,4985194262229,13351813115539,
632,5464,23734,64326,132866,269072,523864,1000591,2766377,9356828,31333747,96631769,271236474,690600523,1632823546,3683508729,8175813659,18693179946,43659196454,103582382644,250673343391,605049410209,1469015641468,3676158089539,9594467417856,
594,5621,23509,63943,135176,267048,524385,1016892,2819177,9660786,32425235,100727941,284058032,728700716,1733650842,3939738528,8876101788,20533014666,48204635437,115232882403,280049697623,679234212396,1662876045178,4206328990029,11112259348611,
545,5604,23862,63164,135323,270972,519278,1007809,2828318,9595683,32062698,100139486,282207028,720250870,1699394876,3850966304,8654752544,19833216403,46435450783,111374228211,270725700073,656274075320,1600275961624,4010862261905,10454008509840,
511,5527,24400,63139,134808,272990,528037,1047735,3263082,12140245,42664760,136692390,390644790,1003995327,2397151480,5550729379,12967959625,31154665435,76457260338,190119751623,472168996779,1161057188735,2842417167149,7035648261133,17879923562168,
528,5612,24034,64410,133287,267764,522343,989084,2824599,9849552,34739250,110949898,317615660,821939864,1934194072,4314306167,9670607206,22488504065,53325373227,130884729581,326275691059,801574409509,1948345699059,4739400182405,11729218273759,
561,5548,24071,64944,133410,266644,546988,1109299,3318974,12067033,42093959,132890447,381504495,987513194,2369677624,5433189725,12476471857,29841990676,72441860580,178937480122,448589757929,1115475638414,2756164854878,6850337474969,17305203409601,
565,5620,23719,65208,133248,263984,523245,1020044,2854677,10222785,35311278,112289827,320055492,818022589,1936886338,4334458695,9658646501,22512758691,53283668994,129829749581,323425142790,799989049008,1968624326844,4886809375411,12389824575544,
529,5600,24029,64636,134584,265088,533387,1047530,3017107,10493555,36407502,115008473,325358202,835559065,1982048688,4445781358,9917720029,23312281703,55508193867,135736910607,340010313535,847977319510,2109692253928,5308615045827,13651518158715,
512,5718,23761,64724,133662,266878,522371,1013739,2920369,10304901,36669217,117107303,335531542,864361297,2026984906,4531111105,10150170934,23553631515,55825915733,136673210198,339908737805,836980992443,2050517468748,5075242481806,12892147126882,
556,5584,24016,64952,134100,265424,544286,1079032,3172646,11345848,39625217,126509885,362844046,937508352,2243508362,5070913729,11439621233,27008485251,64588473493,158279230843,396544850561,989013492791,2459374535024,6170140656483,15805860357548,
529,5634,23904,64732,133527,266608,521762,1015874,2868043,10195558,35775761,114401895,326166793,834746288,1960418004,4382398465,9779401619,22722715078,54033908376,132506429964,329974209984,814089106888,1989245684774,4881565898217,12206835746816,
549,5560,24031,64804,134323,264688,533873,1034581,2924308,10174700,35196112,112671587,322364381,829548821,1983815294,4458772101,9966637103,23410729343,55706855856,135814202986,339249054770,843178694722,2084795323697,5190233613295,13149368311436,
520,5582,23999,64582,133070,270770,524972,1016920,2846133,9798501,33301904,103322505,289566235,736650249,1725046207,3869378414,8690239116,20142214919,47266762621,113666718024,276378256436,666146505798,1608182628249,3988791839895,10332225006553,
560,5636,23884,64756,133889,265616,534416,1033386,2901297,10090788,34128845,104974839,291694125,736865906,1734360924,3890379185,8712957271,20410704111,48372140020,116862936780,286273611357,694968784949,1689032306763,4219936945750,11045813400387,
580,5594,23821,64986,133571,265922,539792,1079664,3173855,11537310,40072152,126560640,361641982,935252193,2210569413,4964895143,11167609471,26296870019,62886308025,155262063205,390988112716,976744414614,2433403240790,6149070534848,15974255728054,
482,5620,24098,64474,134209,269473,528127,1048176,3084354,10986353,38883249,124619975,358523410,929230261,2203774749,4951000691,11127433167,26010434090,61941839259,151867633071,378446932841,936259622647,2313169079602,5811872734192,15064348400085,
521,5642,23926,64636,133668,267295,523023,1028415,2951671,10578976,37028074,117846964,335442146,857967903,2016691456,4511059636,10084314725,23450984940,55730262943,136590228826,339756057595,836512718679,2045905495138,5051646631603,12786890457257,
543,5580,24029,64812,134276,265616,541000,1076563,3194448,11497389,39995697,127594078,365922906,944263144,2262796439,5137583147,11662202855,27673482111,66450560127,163229568080,408501368779,1013289926221,2503137946073,6240152339733,15875058938547,
596,5396,24172,63616,133578,272997,530132,1066772,3263118,11784403,40703983,126626654,358237723,915731021,2187683604,5126545434,12076535929,29419059285,73360585910,183497515671,456606370935,1116914838960,2688658466175,6466750417871,15731579985936,
571,5668,23705,65052,133564,262566,528623,1008002,2852858,10046863,35071546,111402835,317717774,816500181,1928945553,4307883833,9594996736,22358152724,53006554616,129350603308,322482253468,795520595602,1949714128659,4812712984311,12156616728600,
514,5542,24329,64284,133691,269532,533778,1066560,3244118,11774975,41642301,133614725,386333851,1004491344,2400026314,5470714732,12539904992,29841626277,72408402127,180375144015,453704572129,1126619892314,2768287416210,6814800738115,17033070662024,
499,5624,23997,64380,133482,270118,519708,1027594,2960940,10490937,36958853,116758305,332889960,861467256,2015929858,4514551373,10079523874,23378444053,55317378951,135724124353,338174012771,836153142576,2057414421086,5122109363190,13111527517205,
526,5640,23868,65068,134400,266144,539437,1088150,3208040,11584388,40272817,128178796,366152433,941995560,2253248862,5105735762,11526437047,27232394888,65223694047,160063826024,401129945202,1000923149198,2492016490986,6266901084761,16094385769937,
499,5610,24012,64514,132736,272180,520215,1010116,2852504,9651890,32643769,99071521,275405537,696941415,1624087909,3653384170,8144826549,18822218088,44213833611,105479560229,254854788124,612459538264,1475368908640,3643833952035,9372228411433,
539,5548,24209,64064,134011,268233,526432,1033779,2942207,10164704,34033140,103879270,288196676,726508512,1691074296,3793303883,8461977617,19611140500,46034184525,110660690248,268993194142,650176387466,1583300168955,3979933174873,10463536028295,
507,5684,23821,64656,133412,269308,524613,1021534,2957531,10338024,36632532,116710469,334903778,864413427,2025138251,4516828058,10085682821,23298273001,55052574997,134621497764,334526124794,823602596719,2015439941573,4964321443502,12506726151185,
511,5548,24317,64236,134219,267978,532394,1048986,3105837,11177758,39420789,126597380,364742567,946172582,2254840915,5104131888,11594174580,27350213107,65733624157,162197828631,405683660012,1004912046108,2467417782417,6097991561594,15386657470092,
578,5552,23930,64840,133632,266344,538332,1038720,2949558,10357166,35489906,110581523,311876993,801166292,1897640372,4260367367,9586442689,22403409913,52880424969,127916875664,314811646205,770471660434,1889293955613,4739196089777,12376844038417,
558,5552,24109,64378,133127,270205,538603,1064266,3124015,10901590,37266775,115221831,327896217,853386723,2029367286,4606027566,10512975067,24661490579,58501968222,142095547207,350286006262,860005220687,2118995721066,5312961144635,13741119267663,
527,5628,23901,64706,133593,268232,529558,1052099,3038351,11080620,39303834,125413980,359832484,931362461,2196918296,4934409770,11147511305,26125809887,62562947730,154798509234,388390327681,965419492362,2384494576147,5949197890032,15255189821500,
573,5518,23906,63490,134140,272165,514567,982351,2870030,10256240,35682545,114119401,323956610,829505583,1977174009,4568559187,10644585810,25545535486,62427165817,154051972055,378737076035,914201846430,2178873319476,5196370101287,12519470098799,
556,5680,23642,63638,134878,270023,525545,1032818,3090194,11204352,39030702,123825878,353043578,910304146,2183307034,5087793547,11986240244,28997581979,71202881257,176548509432,435954880007,1058970528137,2547076303395,6143839645755,15039313917883,
487,5570,24279,62840,134782,277278,524023,1079704,3326265,12203528,43370051,138702244,398651795,1028623016,2457693140,5730534962,13424125645,32434071457,80205687560,201677668320,506668222433,1254405825980,3077241396269,7578502671535,18942011898226,
567,5556,23796,63720,134647,269556,519886,1015937,2923047,10240919,35487870,112427328,319854206,822222349,1960830053,4514179238,10419999328,24919391787,60740276641,149776909882,370610598621,902825267239,2172615866055,5222863636144,12693943049720,
590,5546,23617,64100,134295,270388,532892,1093174,3338255,12159795,42871975,135942038,388934182,1010472797,2423977229,5614908430,13129791038,31649553496,77916833947,194936623414,489526620204,1215972010573,3002173011551,7472427170569,18981381660152,
527,5560,24026,63160,134938,273464,523224,1053345,3177556,11280975,39260357,124410425,354814150,918173098,2204202229,5137964641,12049417915,29163943278,71973893058,179652311262,448593345486,1103250254238,2687278308847,6566882781059,16311658090021,
514,5618,24099,63260,133931,273992,518309,1019509,2950448,10420661,36336468,115306895,329053097,841142437,1990576784,4567785351,10534161770,25040578434,61246701335,152472793697,378914360257,924383616863,2220021136364,5312151552785,12821054596361,
583,5549,23647,64007,134432,270948,531741,1095597,3349750,12223277,42728428,135010511,386340636,1006732917,2424290416,5665478835,13393368641,32529549329,80400590110,201276264414,504821067621,1252950424607,3099950445478,7764626355938,19899605473217,
572,5702,23341,64286,134644,268054,530092,1084794,3246503,11693226,40693719,127810194,363590893,941275401,2256424032,5233545956,12271076179,29542708868,72004668257,178013864220,440739823506,1077921804357,2622651920459,6437428194071,16157885995756,
507,5651,23849,63183,134491,276197,518516,1047342,3180390,11229241,39084053,123481639,348489581,892777689,2129480507,4941146109,11639514355,28356274198,70547435558,177178367863,442227086740,1082424982405,2614938152346,6338081418991,15608534327716,
530,5707,23593,63693,134985,270549,524987,1077164,3280724,11681892,40287470,125548547,354571302,912385668,2191654640,5122290799,12088051581,29317708408,72207118168,179871761845,447348652662,1095842996319,2661785750881,6499224926036,16161286295233,
548,5553,23860,63535,134471,271631,515203,1011034,2924604,10148799,35266531,111872568,317813778,817983126,1949680714,4498784804,10419742416,24816299005,60295990289,148702399076,368141756209,898045885096,2162762653650,5206553969295,12676300053295,
610,5564,23685,64204,133994,268155,534384,1095416,3406706,12640809,44099102,138177573,389831040,1000003302,2393060522,5586583902,13242358771,32462981092,80933461642,202855276510,505253140764,1235580664374,2985717896384,7251017568805,17976699160156,
537,5687,23679,63435,135107,271453,529275,1091721,3374174,12174368,41716347,130549856,366277736,934908627,2231881359,5207395356,12297973950,29916670906,74067205310,185240468492,461012690899,1128079743231,2725739235642,6584224914277,16116424807146,
632,5539,23504,64345,133876,267876,530098,1078359,3314085,12181071,42390329,132235047,368583110,939205968,2243779587,5238159603,12469459278,30742177152,76904160266,192790987705,478264907638,1161063754695,2775099757199,6638635363694,16146898857561,
575,5694,23456,63940,134823,269391,536017,1107408,3493261,12989980,45333836,142901721,404692677,1041821059,2500274037,5838189976,13824317402,33786075608,83780860760,209418334174,521637898153,1278701772874,3103913031031,7564013984374,18728402264102,
515,5648,24023,64720,133988,266789,541730,1125670,3422342,13009484,45266633,142491497,404157876,1048173370,2518844719,5873281709,13915940830,34226452009,84624486328,211123393266,524762648960,1288844578959,3140084291664,7707273889794,19323094622243,
626,5538,23880,64742,133254,266326,550415,1119803,3431512,12615707,43358632,133806319,373106852,954178442,2283480468,5302438740,12476077667,30544084267,74982044054,185211492528,457158301379,1112212057787,2682434602502,6524277638542,16200166692345,
547,5510,24204,63261,134418,273392,534465,1093629,3502063,13182408,46520094,147823690,418450240,1073791374,2567961236,5939380136,13969097326,34134376072,85233029949,215683631606,544859906352,1350816982360,3299604584748,8045574607985,19905914090776,
551,5632,23886,63528,134876,271222,536003,1085298,3461023,13115247,46179608,147763033,421204416,1079418101,2583203980,6015454333,14218079915,34844163685,87422258681,221705168007,559673673151,1385627634428,3374666042522,8206682731367,20214576794751,
558,5619,23841,63508,134989,270666,533940,1093216,3452420,12962694,45461884,143799479,405756406,1037538146,2476297855,5723469440,13464998317,32790180046,81303657323,203936565075,510002160260,1253973283169,3044717294246,7407782854962,18371037794436,
590,5564,23856,65304,133006,265470,551696,1131917,3504573,13394641,46265011,145238979,412071145,1075887079,2609013614,6112919123,14622374332,36171652054,89211944557,221723093786,550236745729,1344602268472,3249969445971,7906632933420,19629688958807,
597,5572,23856,65436,132628,265514,553348,1153503,3593981,13564294,46500573,144398331,405917079,1042984859,2496061140,5844769325,13862583082,34052607774,83988241227,208508406296,516185664712,1257382872595,3031311369151,7367197139117,18296304791125,
482,5674,23980,62704,135757,277395,534252,1159370,3770192,13809878,47802499,149347174,416926052,1069187770,2571597075,6039175545,14457524211,35665366188,89404169869,225217111567,564257814071,1394528598808,3401288568891,8329522504789,20800588542834,
530,5634,24015,64782,133789,266208,539925,1113146,3412806,13143828,46289435,146777986,417528304,1082749338,2597391081,6059538068,14423212565,35690043744,89136080151,225100388040,564650575214,1395861888042,3413082086083,8390468927261,21036977902276,
571,5637,23682,64020,134120,270143,535249,1114890,3386833,12327728,42317277,131391234,369418156,942782845,2249570383,5222511566,12284446178,29931780296,74162340372,185419601136,462260333640,1135480807543,2766275380787,6784126672714,16977421340926,
570,5735,23383,64041,135261,269616,534450,1147735,3591184,13187717,45893864,142563894,402545219,1033347394,2478951227,5769083475,13636726279,33225235414,82325271427,205801961532,514505194668,1269360186207,3115096231411,7733717562667,19660924434314,
562,5546,23865,63436,134623,272891,529406,1096720,3378600,12019051,40940505,128122303,361755279,932587439,2244520346,5253359637,12431397984,30229419570,74582662192,185714901075,461709526721,1131188047059,2751896504239,6744844248594,16848629393375,
559,5645,23668,63371,135672,269792,528315,1071425,3268046,12037865,42099745,133598658,380775480,981778283,2360930537,5494572450,12903856182,31210721964,76698600471,190263691863,472295672030,1161288838992,2849067151448,7079900809804,18034527818711,
621,5496,23704,63910,134353,270942,535689,1071307,3203708,11375869,39029811,122884065,349857178,903272540,2168820194,5024461926,11695345886,28014184492,68182309968,167682937701,414921671185,1018677914175,2503159016495,6285532461182,16315030980716,
588,5523,23997,63387,134633,269293,521645,1006637,2871714,9789934,32780087,101521817,283643471,719441987,1698655039,3863591095,8802393703,20629221891,49199069474,118692157665,288015221279,693350439073,1676700954677,4177806303685,10881371532501,
593,5635,23443,63879,135244,267489,525105,1044205,3101612,11013420,37503878,116766838,327815673,835768410,2006741429,4668337133,10918103104,26413354503,64825695863,159634628017,392123732433,944782460486,2245009233599,5354877341360,12974379346160,
547,5545,23888,64087,134690,270079,530472,1046102,3131367,11629201,41279050,132238801,383527409,1004047545,2408357213,5588622231,13066154947,31430467704,77538367013,194425833701,488594421905,1211752978331,2967298752637,7288529803211,18222446781998,
585,5503,24000,63399,134293,270737,525401,1045248,3133153,11105111,38313530,120379732,339817127,876085274,2104178303,4894457405,11542179620,28049937383,69271006547,172789221207,430211266046,1053872676333,2552557246721,6193397362654,15240503740460,
584,5479,24057,63385,134342,272554,533560,1093066,3414122,12537483,43705458,136749191,385308561,988341992,2348330226,5407211390,12635136141,30433134108,74918747706,187047073916,467690432352,1159212188117,2868434062334,7210447223125,18682211044144,
598,5537,23782,63877,134205,270034,530034,1031268,3113711,11478530,39640265,125335679,356836028,916262414,2207666549,5146215066,12082041457,29377201919,72706848057,181165151923,450898454528,1103843830826,2666569117239,6458809863917,15894596507892,
512,5547,24110,63587,134854,271471,523407,1022366,3024396,11064295,39029473,124119877,355505313,919364570,2189595514,5060075546,11786284544,28335013376,70013351004,175608146224,440293015693,1088218065820,2656728919184,6500840099845,16166531438940,
566,5547,23958,62891,135363,271718,513064,993986,2752284,9106286,30489742,95668073,269340471,688974669,1626706906,3652793632,8123715616,18439658723,42610813051,101112497610,244675409258,589906464163,1427604602997,3536167856640,9077639653848,
565,5587,23789,63943,135178,268297,530250,1031190,2988780,10493368,35578920,111991678,318717688,816233331,1934630201,4396825576,9926124952,22936342267,54038775595,129983148320,317277910183,771644404291,1889472210168,4758200670184,12438067890522,
520,5727,23578,63851,135919,266944,520860,997005,2815553,9399853,31906010,98878102,276584729,710007508,1681916346,3784049132,8472131936,19484288460,45406231807,108135412270,262096946407,631105202209,1528152871737,3785603796847,9668882120750,
615,5506,23908,63432,134175,270186,524580,1037615,2957643,10023913,33198731,101969097,287083077,734670908,1741311760,3962073051,8966169182,20669514981,48294410439,114976163817,277800929852,670362435315,1638487680445,4144548567044,10956087365381,
557,5690,23674,63936,134475,268846,530757,1058858,3283173,12150008,42848397,137181586,393606068,1022498282,2455962053,5684450299,13294321844,32003146483,78232172395,194471452683,485168319403,1195063461914,2926524240347,7224388871796,18228383562201,
560,5520,23975,63794,134796,269128,523246,1009820,2982685,10874073,38901535,125955949,364835075,950269793,2262353785,5143915062,11733576882,27664728858,67088623982,166314711668,414855685887,1020208159478,2475954389877,6016675417324,14914101506863,
517,5652,23968,64764,134209,266832,539005,1092014,3256450,12412155,43470352,137242988,388108758,1002647312,2404634028,5590730878,13164421374,32122410222,78607184073,194297343448,479233832103,1166007021656,2815126626369,6881532614379,17280556879301,
614,5532,23861,64954,133247,264772,541608,1062179,3207695,12008574,41687951,130483129,367665366,939703248,2232302720,5122797923,11935822509,28731032776,69551169728,170511320934,417244163476,1007517050625,2424407483190,5948829737019,15123166555313,
520,5642,24003,64816,133289,265706,521958,1000798,2751704,9744450,33234054,103979439,292450390,748528012,1771095425,4022329771,9118728839,21711068092,51821341813,125340093441,304468928971,730193496918,1745599463625,4279380439210,10928256371077,
539,5610,23905,65044,133349,265332,527211,1007352,2785546,9967134,34030240,106641924,297723816,756727534,1779929509,4040208733,9218067446,21897511714,52107074176,125653011225,303501098174,723987663284,1721527037659,4201272167507,10674544948826,
580,5574,23929,65258,132365,264358,533390,1027511,2918874,10523692,35293309,109417267,303249192,764514389,1794704858,4095677013,9395179936,22389213469,53537440533,129237598754,310906904213,736361120211,1737344584067,4189939021584,10537369763594,
622,5506,23698,63926,134438,269801,536061,1099014,3386546,12241131,42272151,131905770,371004146,953247126,2289704629,5333638199,12519781795,30141838724,73578255812,180899102346,444794113467,1082322009186,2618559801103,6374230058154,15804428304917,
622,5506,23698,63926,134397,268945,528493,1053904,3150481,11101582,37941845,118289135,330904124,843406034,2019433309,4691499350,10964541437,26408242003,64515142328,158219936359,387165354497,931075025090,2208298328779,5232032242017,12512584455522,
588,5463,24097,63251,134272,273602,532828,1081795,3388365,12292389,42373553,132421109,373067163,959047048,2292917025,5315416472,12440193532,29825118731,72818500412,180318752083,447470231564,1097386897210,2670769201765,6536276445793,16265740378570,
610,5551,23608,64223,133892,268117,526109,1051653,3090374,10910637,37298419,115495055,322557859,827273956,1980369488,4591775758,10767003202,26026371356,63716102957,156954738422,384764406502,927077715303,2208608668171,5270471894125,12778365847637,
570,5538,23851,63592,134296,271795,524409,1053359,3214816,11837536,41227023,129879655,367513993,946610093,2266686370,5261294710,12367758743,29864008881,73127918717,180663379581,445653767001,1089172890349,2651845886022,6512531795571,16350247686158,
566,5509,24069,63699,133628,272956,525760,1027536,3136214,11513314,39990005,126631349,359728018,927074301,2211184292,5119157849,12040001855,29145524497,71876051565,179188783088,444459698543,1083519536761,2614065546946,6347672632097,15758537357059,
522,5525,24215,63171,135432,270442,519404,1006708,2928891,10438340,36277526,113998173,322826559,829256309,1963006019,4475938180,10322899485,24650924975,60372530003,150206997721,372883713440,908151449237,2177175541482,5205324784679,12610203692505,
552,5531,23988,63325,134298,274417,524253,1060217,3263597,11741728,40800857,128480220,363027336,934614475,2233879375,5189042869,12203236446,29498246213,72575953990,180564066295,447275024571,1088959661149,2622917188596,6337415154846,15608323813658,
536,5636,23945,64982,133116,268042,543117,1121725,3433760,12927907,45049378,141046599,399056092,1032277537,2473900109,5777735902,13661064930,33656249490,83506947115,208917596531,520284499437,1275586287277,3087960128706,7518536477009,18696171149107,
579,5572,23947,65150,132786,265868,543977,1100555,3310115,12486717,42667106,132390943,372221153,954743861,2269847493,5284280324,12410441290,30095523165,73597453430,181786957693,447114547325,1085267517241,2614002283504,6344489516645,15783657634058,
648,5512,23793,65076,132594,263120,531631,1014563,2919232,10328467,34600104,105685650,291744415,731806632,1717413929,3920622259,9011139810,21623872176,52063664085,125903329286,302700077958,712565231006,1659986032483,3947409761692,9805361270790,
549,5441,24437,63739,133783,272448,538488,1093861,3415803,12748332,44645623,140927921,401287459,1029294407,2451405024,5699821428,13433448788,32831265110,82117254581,206965764860,519215259509,1280533462517,3114609186823,7589195808306,18828085060516,
593,5432,24085,63888,134212,271334,539377,1099333,3397607,12460262,42979152,133944568,379364627,968755764,2301148392,5334048799,12451457519,29998106045,73945107377,183818522712,456668911495,1121486767244,2729106795012,6693029218642,16779975415204,
572,5451,24107,63779,134372,270200,524182,1023860,2918498,10075379,33797797,104382872,292251854,734625449,1724124737,3919600847,8852934602,20659995471,49316698414,118682093488,286518680237,685547209261,1636978464623,3989216535497,10064468892796,
496,5466,24595,62564,135281,275437,524194,1057085,3200170,11740673,40926897,129069862,367763110,942929845,2256462787,5261829461,12387378134,30234610685,75370165093,189375783168,472608684947,1157295513562,2796147673966,6747568168369,16505306901074,
572,5560,23970,65046,133070,266686,552946,1156050,3661577,13987173,47708186,146660633,406298419,1037199386,2483215256,5860134184,14116436189,35063312453,87132048250,216492148360,532916015118,1293910794939,3112598378940,7558261649496,18735336031968,
609,5421,24041,63933,134287,269909,535592,1092453,3376223,12682367,44671046,140370914,397100052,1018081147,2438123489,5710494076,13572108892,33341561556,83461664470,209719557147,522675450652,1281647076423,3109587185588,7588043455707,18911407800306,
516,5644,23965,64774,133970,267496,541447,1121771,3382969,12545922,42895701,133074910,373083748,958565416,2293945619,5356062331,12689825850,31331758171,77829842410,194238249644,481677464077,1174045291549,2820212761556,6806551028288,16727119668687,
625,5550,23814,65236,132524,263200,537086,1047390,3121883,11386370,39126987,122381105,345382098,884137119,2103415373,4804449692,11020812736,26342084132,63259688186,154214981403,378465460325,916988801153,2213721679263,5439739810422,13826974933319,
605,5536,23629,64092,134126,270620,535919,1109971,3515622,13207185,45872279,143611231,404266711,1031544457,2462300465,5743579516,13599987462,33296265978,82970985352,207825733627,518248403362,1272659199237,3091062265392,7551582336325,18830343007457,
578,5426,24244,63450,133290,275825,536375,1096191,3407753,12734221,44543914,140375559,398850913,1025821740,2449456695,5713059156,13505147981,32870538293,81603617029,204627132604,511185438963,1258540928223,3066917633652,7498182183521,18659057204709,
622,5521,23695,64541,133443,268692,537533,1082687,3339624,12475243,43378037,136262200,385400147,986113751,2344752260,5420527272,12695476125,30673408283,75575712861,187999791274,466003416007,1137985871910,2761520463908,6798722490635,17279168075025,
599,5564,23893,64938,132841,264494,533770,1040747,3096622,11263538,38882662,121946439,343959098,881367650,2098436619,4801572004,11037987045,26409833304,63411609813,154351391461,378354193519,916992829865,2217317649309,5467061125635,13940227704893,
652,5504,23779,65146,132272,263460,530928,1010261,2967164,10746904,36932875,115350731,323941282,824230544,1950919819,4453785088,10228975952,24459138626,58609463459,141833617916,343603135345,819014059082,1942067048403,4705632076678,11896063460979,
593,5584,23889,65482,131843,264734,538553,1042908,2996172,11036107,37887571,119564522,340494920,883469958,2113883011,4862292286,11164520186,26728244950,64120243655,156466302012,384429042979,937715222833,2283853566249,5656210245499,14437350551128,
641,5508,23865,64946,132511,263740,530714,1011990,2946617,10686275,36985528,116250358,327457018,834211071,1974288833,4499394905,10290282545,24466274639,58488790957,141523625735,343190899321,821600380541,1964348892258,4812087447461,12268540545560,
584,5568,23895,65298,132425,264798,536405,1049693,3040880,11060459,37356627,116792295,326888781,832470584,1972682728,4512962085,10352824357,24655021204,58805749442,142046359513,344868627598,829979676981,2003089219340,4965325632910,12844262134132,
518,5638,23960,64748,134045,266128,528933,1040302,2978486,11132571,39265645,125046083,357234934,931164277,2231363105,5117231423,11829045672,28417709268,68473480529,167694778437,413258838670,1005875471732,2429693875910,5948618201944,14981237698687,
591,5588,23872,65392,132799,266586,556781,1141236,3470085,13016487,44284395,136356835,380984022,976453919,2335628376,5473676604,13037169139,32316511377,80275710727,200200591494,495678391363,1208129983843,2909168464314,7051639064846,17432373660409,
538,5628,23890,65032,133732,266790,543974,1116785,3360184,12566672,42698189,132504513,373140447,960748015,2303692183,5366151858,12651505412,31158445950,77246320473,192662568479,478129122657,1164895331583,2792295581535,6707500227054,16346564659569,
517,5517,24243,63091,135306,273490,528329,1067342,3366630,12670314,45045433,145400464,418164693,1086299578,2610989594,6079126809,14418425143,35340745175,88111699405,222045371643,557066540649,1374556627687,3353451933260,8210140889488,20472617285650,
529,5425,24525,62903,134551,273546,520763,1045024,3194068,11816381,42294037,135647984,389754921,1011681359,2426832959,5645609017,13317006189,32349889440,80135371654,201240619032,504671432830,1248563446792,3064164284118,7560901715221,18985385432542,
554,5610,23949,65070,133481,266150,545033,1122919,3380325,12665957,43274440,133494002,373324185,958597108,2292708196,5350141651,12693439954,31374623871,77976497179,195044367564,484966599566,1188670303589,2880597506322,7013694605697,17378103673744,
536,5412,24530,63416,133868,274026,529652,1070244,3336695,12401981,43857343,139254230,395422082,1018498077,2428186910,5601142966,13149603633,32025777540,79647035608,200589942107,504301163858,1245782121950,3036008053681,7419582020801,18502678751137,
549,5549,23953,63597,135561,269412,534264,1101775,3487244,13294982,47529675,151774806,432108634,1118911777,2698582179,6285267363,14904672368,36675568340,91661481044,230772797241,579393100811,1432396969246,3510955765352,8675545533751,21942373391603,
628,5492,23875,64836,133281,267386,556284,1164382,3730043,13965559,47843530,148138385,413698032,1054252536,2517545429,5848628133,13834190203,33852795863,83617162850,209025939872,522492638839,1295189451382,3204915655659,8071938131375,20945461626612,
549,5557,23911,63867,135039,269176,533781,1089510,3390009,12734214,44511039,140175091,396614113,1017740343,2441130280,5696200190,13535861756,33337114103,83336169457,208989123707,521087240012,1281051770271,3115617950385,7613641385566,19034285674789,
528,5429,24412,63131,134532,274129,520986,1039747,3138279,11292393,39274765,124543146,355950525,917377370,2197655149,5112076772,11980664710,29050995155,71989536460,180001636830,449150966501,1102470978228,2666319051279,6439073005129,15711264094275,
489,5564,24304,62852,135456,273686,524194,1053243,3217435,11649842,40234429,126940212,358216577,915521286,2186558406,5094348264,12058054647,29417913164,72977272855,182599728524,454309785802,1113418771573,2698442538432,6548981287637,16127340141458,
524,5556,24163,63088,135415,271992,527500,1064195,3315304,12429426,43598495,137650830,388401054,991745909,2363612910,5493917291,12993172668,31776477597,79129438663,197991753232,491823448365,1204500460525,2927849144516,7178568685796,18027032066845,
644,5489,23760,64051,134369,267618,538682,1090914,3291233,11801444,39937475,121703667,335872769,850647654,2014265208,4623527038,10741575367,25805944889,63285166510,156501034876,387712670263,954464142979,2346983862375,5860539532433,15040558495447,
554,5366,24503,62930,133606,277966,526502,1036196,3163754,11413170,39618464,124333893,352729029,902632632,2143615130,4982274850,11675662967,28209738142,69906608959,174941973484,436121773286,1067485026011,2571173872759,6196306793100,15152505247751,
611,5423,24026,63703,133955,272707,537857,1059686,3193643,11803532,40619050,126323072,358058069,908551421,2161129030,5051252938,11817637694,28682317538,71358369593,178475518347,444155697206,1086516785704,2622895294965,6339176689029,15581399542549,
627,5524,23882,64896,132916,265461,542690,1079866,3228492,11742722,40343486,125196906,351443109,901815353,2151210932,4961587645,11526138815,27650121685,66565865521,162388913604,397568408891,968679575026,2372100065858,5947175162797,15485002649093,
590,5586,23895,65386,132674,265337,549648,1096837,3198387,11793177,39906440,123742002,347747048,898176963,2151646892,4982645862,11628851665,27975347333,67172674353,163142313469,398114660682,970073333800,2389498404112,6043991767784,15847510867733,
624,5520,23946,64792,132994,265173,541486,1076312,3196735,11608429,39943617,124135974,349167040,899088275,2149822664,4955806019,11525043319,27736450561,66851740500,163125458464,399420411512,972891919696,2384278166210,5988004970187,15637721888809,
618,5520,23803,65094,132847,264914,532767,999146,2860668,10140145,33649332,102787001,283483793,709285101,1668338756,3807132566,8785333780,20989794769,50182621883,120795261280,289317923646,681049994090,1592442840435,3829336073640,9648201583309,
598,5550,23864,64960,132644,267056,537345,1045310,3110030,11288700,38703733,120013858,337466739,864975733,2059422099,4768497479,11115043862,26755771124,64615013615,157248859479,382353239590,915394703465,2170997676644,5223652533063,12954045240706,
581,5574,23906,65248,132568,264134,530833,1017416,2847284,10170236,33618871,102886577,283767173,713264105,1670527653,3833006353,8803170620,20958980084,50047505582,120357849979,287826741395,676900788561,1585330627670,3800779874071,9527009744974,
514,5638,24029,64704,133754,265490,525906,1014615,2861005,10650236,37046751,116501257,329471050,852818823,2036629566,4668557872,10789736063,25918846570,62309518386,151589150564,369348217590,890144433539,2136251450137,5209192488678,13081612616134,
632,5500,23863,64948,132795,267142,546037,1087748,3265000,11801908,40370934,124886002,350441994,901288699,2158604953,5001240233,11669130109,28103952858,67711035566,164874554613,403475793700,981794803017,2401035377791,6028982743965,15730745287523,
531,5616,24003,64894,132882,269236,539589,1091433,3265935,12062418,41644782,130233727,367713170,948620639,2268922349,5292327543,12464859576,30543462937,75267213845,186830119237,460482806910,1113376983091,2648553552432,6329485707576,15428585855919,
600,5546,23918,64624,133481,266747,540933,1075473,3206629,11510170,39107832,120046876,332249027,839111224,1987371849,4598071352,10788855763,26415013559,65060202639,160952217800,395206854495,950222582908,2246931706543,5320451912905,12798542227078,
616,5530,23874,64816,133229,266687,546230,1100589,3355405,12392160,42661743,131203754,365940503,934193994,2226445078,5179245996,12251090511,30118495121,74346818686,184414145893,454547381906,1101286566017,2637393594047,6354578190624,15667112074563,
533,5636,23960,64862,133725,265384,530197,1041962,2999455,11067567,38052240,118988077,332276349,849119940,2024121782,4686837275,10988400253,26863722607,65897246385,162908111012,399480561395,961879472319,2280584493435,5419819472907,13101191787204,
599,5543,23867,64669,133562,268973,549538,1118637,3453970,12784383,44325268,137668078,386937006,992033151,2368755428,5521044834,13034576209,31800612671,78188187393,194040274699,480561098866,1175117560005,2856857819931,7042915443568,17851201422600,
524,5598,24007,63253,135170,273707,526924,1079983,3276764,11823109,40857642,126760534,355425247,910662281,2165163077,4976860703,11499675256,27322126386,66021597241,162043273184,400984732433,987663370012,2445751210346,6204292538845,16330428426226,
565,5604,23771,63825,135126,270543,533958,1100870,3327459,12002288,41041954,126174878,351375894,893214037,2118459720,4869051532,11254015167,26882301234,65316453458,160389977807,395621129961,966339395301,2359051860121,5882510906128,15207893304150,
599,5393,24167,63595,134710,269633,523999,1010761,2882504,9877868,33179493,102928300,288415681,729145680,1718311656,3871587838,8661033108,19983107912,47109716103,113169149775,276238094335,670631914520,1631813532931,4074393499056,10564844975933,
525,5770,23608,63360,135747,271270,523251,1039362,2980748,10111624,33924861,104111649,291762995,742153273,1743173224,3949357879,8916679946,20489541120,48105411784,115816618256,282457941023,686495585381,1680411649419,4229701285225,11109906412200,
577,5582,23903,65158,133161,263453,534548,1029167,2895427,10448195,34603039,106811684,293693327,740062936,1757380059,4028167509,9323735449,22422607965,53692618434,129496249395,312142723577,744592849558,1782903225004,4408282561880,11397015480890,
525,5602,24012,64756,133381,268730,535135,1062530,3060684,11210469,38924354,122692828,348957138,907900352,2170564870,5002802589,11644372576,28036161605,67893387022,166963522998,411118197955,1003618658383,2445619055070,6092092661854,15710137446837,
577,5556,23913,65092,133044,265086,535445,1037077,2944377,10557314,34848278,107488165,296302981,745612183,1760774555,4041972850,9387479794,22549333169,54116901162,130768257561,314347580147,745617681975,1766624976950,4308197809422,10999638905028,
597,5378,24274,63532,133360,274000,531984,1063997,3266359,11896875,41137982,127399553,359161628,921082311,2184054728,5042635407,11786863441,28452572955,70222443856,175122321460,436171718577,1072145085529,2608091298109,6370614715637,15861890308406,
526,5516,24133,62838,134891,275228,520167,1033745,3109927,10961343,37304001,116302890,325260269,827846662,1979519933,4586686390,10705724494,25713460091,62691290547,154010710942,377486094499,911670955232,2177405642356,5205484190510,12630717945781,
552,5628,23800,63574,134019,274038,531952,1103464,3374531,12041421,40888561,126484625,354137867,904557913,2178444615,5110183510,12079706743,29398208730,72508908906,179791354535,444005618259,1081528576096,2606789819217,6287376201366,15359090546302,
526,5620,24057,63196,134805,271958,525886,1056300,3204996,11519447,39450514,123637082,348069909,892325624,2146777263,5020406272,11854440285,28816901029,71061634869,176280054231,436041445508,1068471515743,2600967832637,6363445557003,15835811526608,
586,5580,23866,65320,132621,265620,551534,1148592,3507760,12898549,43493377,132853324,367105793,937685231,2247482955,5313471684,12776972111,31691381753,78509982144,194364415606,476320113488,1148250350731,2741848891336,6602664430070,16242308237708,
566,5612,23848,65336,133055,268900,550829,1125266,3325560,12155873,41931682,130317207,367791740,954849343,2281692502,5298796340,12415542170,30125497432,73469566717,181498348699,450193783446,1112497856411,2751385720790,6920651134218,17881190814730,
561,5618,23896,65314,132787,266839,540385,1087443,3228505,11891415,41231715,129364554,364471072,935093404,2210712725,5097916375,11865041681,28577122743,69353136535,171048654505,422358057857,1037721965425,2562915693829,6497047493213,17072394965510,
529,5610,24000,64868,132868,269428,536008,1070622,3152033,11649224,40846493,128873440,367261432,955234291,2272879170,5239947822,12216639132,29536804175,71875443899,177606866989,439213855148,1073173736042,2612104174706,6480248731298,16590616149484,
619,5533,23852,64927,133081,265978,544142,1086117,3303637,12245229,42417083,132036349,371880677,952343035,2259606599,5223024852,12250681601,29730550029,72710760064,179872815357,444482024452,1089438696797,2675169907777,6708226807557,17454941372591,
605,5544,23859,64874,133226,265862,541992,1102735,3407061,12413239,42333602,131185657,366701768,929810148,2202215312,5083657730,11826842351,28555090468,69544493433,171093744280,420888306642,1024863760387,2495077938697,6221394262777,16159703463724,
582,5598,23868,65274,133242,263137,544152,1080003,3150145,11853554,40566203,127422508,359748558,933165682,2251355857,5200871336,12162217025,29389582582,70907097546,173474576640,426808274424,1046417946243,2575891203118,6473487068048,16823740672528,
561,5596,23857,65232,133184,266796,536538,1039956,2873785,10038741,33694094,104388391,290229439,739704861,1747373243,3976740723,9088193835,21641729747,51596929553,124517450493,301813514258,727093685828,1756751909835,4374237427783,11328805345454,
540,5620,23935,64964,133600,267428,540830,1086886,3204324,11947690,41566986,130420770,368931372,955986520,2283079561,5250152793,12173188867,29260252887,70937713279,174900867520,433513111113,1070675264384,2647893191505,6678387652145,17384942672196,
587,5558,23873,65272,132754,263670,532050,1010836,2850492,10388639,34688421,107563668,297735309,749740422,1764675220,4027153653,9263196632,22049232097,52455029576,126100210425,302191838888,712809185571,1672786771226,4026231778662,10144959743265,
628,5522,23797,65026,132730,264258,529720,1001985,2897797,10423111,35414345,109141756,302995133,760266030,1781559608,4065599662,9317238675,22228922234,53354988010,128932020843,309982388071,730457572441,1707199978486,4087709750940,10261409243832,
607,5550,23852,64730,133497,265554,531641,1022469,2960382,10496963,35502469,109555385,303558155,762319631,1788814224,4076744774,9349835442,22390772558,53949177136,131051260314,317213505480,753394433945,1777714932256,4305927444228,10951179327013,
597,5546,23903,64612,133474,266993,539843,1082424,3329437,12400577,43175960,135168852,380588986,970935558,2302798378,5308850172,12364697182,29905164730,73088414444,180691308455,445568339655,1080333962648,2591993784906,6287674642994,15701777436303,
564,5485,24105,63255,133300,275825,518281,1047098,3175400,11324975,38798243,119973218,335818134,854310330,2031972725,4732071588,11071017370,26740897740,65834443635,162805161152,400813521288,974140390003,2349541072350,5706956020054,14132786271236,
533,5468,24368,63026,133203,278981,529314,1109383,3538146,13094561,45675866,142742175,404552350,1043702746,2499033018,5838945420,13773567423,33468472869,83033103899,207911024810,520336697006,1293009187948,3200666192704,8000220488925,20464042465743,
547,5475,24231,62981,133537,279173,529744,1116145,3559538,13190600,46076664,144151475,406845078,1043680874,2493353980,5831028137,13784275294,33601128341,83435744125,208824259739,521264574024,1284458133636,3142861676471,7761674861556,19603437915385,
501,5488,24527,62826,134051,278195,536995,1138923,3740990,14273310,49591697,153736022,431542855,1096917398,2607978664,6110937555,14601162945,36113433875,91201759610,231535769468,583046002369,1448561595523,3569121302526,8848087545984,22473926373681,
643,5493,23795,64965,132975,264418,535691,1028661,3043439,11032769,37450612,116698970,327432747,834461876,1983165270,4517567838,10432790316,24929576200,59353397144,143007957611,345208042746,823450008791,1967907692585,4843999220222,12469230466977,
638,5497,23878,64907,132584,265686,538407,1057175,3163146,11424733,38910128,120446272,337113727,856104147,2017104513,4614706879,10639386091,25354129911,60789356790,147483777314,357607309926,857756208247,2061168051031,5092804062341,13154640593087,
598,5520,23967,64664,133234,267978,542525,1088437,3340606,12248045,42641010,134841374,382635639,981028207,2336009173,5398081963,12610454349,30649300118,75322967553,187422969724,465473372211,1135836254064,2745478936975,6720057465649,16943643139650,
494,5432,24594,62618,135241,277324,522814,1049266,3140600,11232880,38819950,123324013,354481567,911055238,2169903407,4967791194,11303813368,26455290608,63426231160,155732748020,387743669285,961403680029,2391229176388,6053498162472,15791405724295,
573,5495,24016,63185,134508,272788,520639,998883,2841519,9513714,32094718,100824331,284102077,726277527,1713742752,3856263472,8632496740,19745796037,46130186377,110801403758,270776126298,660396059107,1624095877314,4111441183853,10852836471285,
601,5539,23827,64681,133875,266663,542786,1088119,3397370,12828166,44933413,142074086,402482329,1034505207,2477760270,5750644604,13608696078,33435248657,83049300322,208440469993,520803114276,1275846016662,3074615864121,7441274947528,18348627427667,
543,5454,24294,63346,134907,270843,526445,1071050,3280190,12378662,44115619,140671051,402691093,1037342450,2493093900,5785198452,13560944920,33080149255,82329343156,207014891532,519741541791,1286995223974,3163215635550,7814871643023,19744908877040,
587,5568,23823,65340,132887,265036,549627,1138422,3568563,13529153,46702509,146985352,413750569,1064153460,2548062499,5942538860,14139482925,34779992113,85887049296,213766425034,530186271890,1296090670327,3140575569048,7693524052259,19274862937213,
533,5519,24130,62821,135134,273648,524438,1089486,3474547,12832158,45216000,142799868,403580954,1036282166,2479337188,5765619669,13598326981,33105877600,82042659183,205143024614,512479115885,1265067080987,3106512450908,7714575894865,19632047339394,
547,5512,23926,63790,133232,275069,526781,1053721,3154041,11509472,41171639,131137163,375008507,969421965,2301020386,5310386880,12358639877,29504650814,72362087202,180785601127,451903243449,1116877101884,2747610682261,6842807387616,17514903894911,
591,5549,23752,63793,134114,271472,534006,1096847,3392736,12400098,43665293,138976284,397846421,1035584878,2497385913,5835680676,13738890803,33183387956,81598066849,203542375329,508994530677,1260098273533,3105995402575,7725745418099,19622624037446,
519,5679,23812,63115,135582,272600,529162,1088511,3413679,12350452,43694936,139025815,397296365,1031130560,2477444393,5757034858,13521410635,32715574538,80349808892,200583118130,501838619769,1238834543850,3041670276360,7511935913684,18919794398374,
609,5525,23650,64061,134186,268226,525131,1047643,3049517,10790316,36927191,114836464,322159689,827560984,1981870191,4571916593,10716769728,25918506928,63431321401,156777474158,387222452296,940812254595,2264733453271,5486152255633,13536835014412,
552,5533,23971,63315,134308,274079,523926,1055234,3219334,11601804,40664749,128728961,366675730,945690726,2252658314,5255923393,12412389066,30025365588,74344466405,186521632669,465888988907,1145626726771,2792689896306,6859686817273,17173469905074,
498,5602,24177,62856,133475,279168,510223,1002840,2917833,10207978,36017198,115171614,331224906,851291240,2031731300,4694560972,10774485716,25669343849,62673568096,155429663581,386767845240,946091553884,2285537120678,5502593635780,13416904100410,
527,5652,23767,63290,134970,274090,529544,1106626,3515969,13055860,46162712,145407563,414265825,1070636484,2563261321,6024868148,14406752576,35275883506,88042771269,222403940963,559086310936,1384389320262,3404986151078,8458411073666,21458575026111,
540,5648,23761,63380,134457,273385,520442,1043927,3107051,10933817,37934210,120298076,341082937,878238195,2110759480,4895327991,11475808050,27830030908,68542978450,170580562312,424339742476,1037379605459,2504217656632,6051680412464,14839541033639,
505,5637,23965,63017,134321,275854,512234,1003315,2928253,10247108,35994904,114424684,326048413,837975457,1989082223,4592005378,10641469017,25406848795,62170911886,154396599025,382532122374,931060513391,2238985145809,5397213197574,13226909233663,
592,5691,23368,64263,134718,266355,532724,1106658,3341043,12022322,41382175,129178733,364826480,938668755,2259715599,5302429104,12592370968,30782309139,76133716184,189809190484,471586497951,1152488381637,2787257086037,6768987020146,16739662676708,
647,5378,24002,64010,133039,270068,526116,1016406,3025807,10974362,38109587,118872682,334289059,851225256,2021865761,4672906879,10881903140,26250315751,64670509757,160274388658,396063852912,962293564481,2309010734482,5568581866263,13656770767548,
566,5479,24175,63137,134337,273700,528989,1070121,3392037,12636843,44700316,142314813,404820830,1043459627,2502174670,5827386079,13741908540,33343389065,82507841347,206759158644,517704360059,1278025867113,3127970898901,7700574937501,19305898367829,
618,5488,23755,63786,134577,270519,536036,1089412,3323550,12038355,41700220,130506490,368722156,950561307,2277320044,5273269557,12343993507,29725449853,72851408385,180660719946,449871804153,1114535432856,2768589931495,7009936981703,18292729335738,
602,5479,23975,63535,134147,271423,527207,1034373,3119174,11214476,39000632,123212732,348458794,893556650,2130096656,4925941031,11537868840,27960420347,69389049633,174090698881,435105552907,1066455989965,2571882585230,6190227110408,15085106476674,
492,5535,24266,63269,134984,274383,527960,1057102,3277647,12290894,44042733,141831560,409982878,1068402981,2554348736,5945628457,14001799519,33884508357,84290111337,213356004846,539607842758,1344350966117,3307016527885,8144613046524,20351034822646,
629,5512,23818,64156,133910,268163,538031,1095050,3467374,12956414,45602866,144093760,407385178,1045657767,2511102258,5846771311,13785087155,33661356584,83614982927,209327981453,523598347674,1288242618847,3138192790401,7713699988679,19412276386091,
624,5477,23746,63997,134160,270185,532578,1061862,3247552,11799306,40763471,128544259,365780835,939710186,2248402848,5218245677,12194907362,29460768029,72867944680,182380896568,456982038017,1125494078526,2730984712637,6636982501936,16341097529908,
628,5505,23704,63975,134424,269353,541670,1131740,3546418,12988006,45240166,142587726,405888309,1054848294,2562312813,6010955320,14230897300,34732277853,86071376828,215451318887,540706968753,1339973502500,3290973534716,8115338810122,20339933879956,
602,5489,23902,63453,134594,272466,534834,1087896,3427103,12722380,44582281,141344814,403075756,1040461418,2493047070,5793203725,13595086946,32889486781,81418426171,204328065101,514139938287,1279979904510,3165789415994,7902517240834,20149034039275,
580,5502,23970,63306,134586,272085,527340,1072944,3366419,12501876,44187411,140207102,398334520,1029501635,2475175177,5766959458,13623384643,33194755384,82323651126,206188671663,516094427081,1276724275579,3141975933687,7813337970461,19891672513862,
536,5619,23818,63035,135643,273454,523630,1062656,3268456,11875548,41285051,129748024,364946993,936215511,2254418897,5286310049,12569917812,30704398214,75992902124,189363995969,469487935385,1144896229756,2768180864504,6729628250891,16635984161962,
536,5504,24252,63272,132185,278781,515180,976806,2844563,9567981,32198693,100053817,283611515,720452914,1687491602,3810088498,8525956770,19475359175,45518957906,109149250775,264586426310,638273663448,1546194733727,3834472176768,9872913892661,
550,5571,23942,63139,135353,271476,526494,1048153,3098582,10995198,38172085,119783168,340062986,873451916,2073529616,4739076134,10796653066,25282083336,60503148399,147510936984,363981058476,892550176549,2191055291227,5498327470540,14259761977285,
553,5473,24193,63265,133558,274214,516090,987757,2775673,9350533,31035398,96311331,271466608,691312727,1629744797,3687899059,8237089732,18798018459,43692079330,103617455008,250032626068,602277903252,1463488689765,3663137429853,9548655025348,
587,5609,23657,64127,133345,269892,526245,1003131,2872598,9909522,33313358,103541519,292100652,740568963,1745732265,3956496623,8870082530,20430039824,48051183425,115058735413,278734051874,671582593610,1621336795347,4024009504490,10430594939252,
583,5586,23637,64128,133773,269208,523112,1026591,3008673,10886165,37582794,118397396,333333145,849610215,2023315151,4684423315,10909136543,26299976358,64656556074,160103526366,394531345367,953841018985,2268245538506,5373965459887,12873801549259,
602,5675,23452,64709,133797,266993,541450,1083981,3354599,12600925,43918667,138196758,392913626,1009785332,2415153545,5607782564,13172342208,32001070422,79401904032,199422807901,499758059790,1232683435778,3004330262264,7351723852595,18336903275274,
535,5663,23713,63447,134893,273151,527797,1063696,3224202,11732438,40939260,129460638,368684174,948640798,2258064509,5222901151,12173485822,29040470627,70708944606,175386864810,435799466614,1072373227689,2628648094680,6504042106359,16438157153660,
562,5546,23865,63436,134588,271953,517884,1003751,2852670,9707427,32368189,100843540,283183017,721658240,1715186994,3924773698,8955957943,20920746880,49503862684,118632565342,286156384736,687174722757,1663816719486,4133377185554,10650509397965,
586,5566,23965,65268,132324,268344,553428,1135336,3414859,12774253,44395986,139066727,396692922,1036568593,2506555738,5860170153,13839433412,33926541815,83161509347,205924264258,508906761140,1239927717549,2990783993701,7263642875087,18011534459316,
615,5512,23937,64682,133378,266025,547093,1104661,3394866,12467552,42911650,134064416,375226837,961670810,2304436804,5295952969,12388191275,30262719837,74373433178,184729185817,458419570348,1116693671630,2682038244343,6482585596361,16002926229245,
642,5469,23756,64057,133994,269184,538730,1099618,3455553,12907410,45448136,143262061,406436480,1045949425,2500581199,5802600651,13602080114,32775018121,80604058675,200729224940,500533509128,1232139791682,3009206996957,7407393293932,18596430107852,
585,5483,24124,63645,133656,271750,529543,1043141,3248285,12018595,42428398,135651724,387735122,1006338339,2417261463,5621512082,13274582816,32197649744,79488716516,198644457227,495083697574,1214930315939,2955066191046,7218167896625,17964074131862,
583,5606,23663,63672,135118,269643,534124,1125041,3480006,12857204,44586158,138541409,386844252,987983843,2371604056,5518749295,13008191084,31683981131,78149976354,193755457898,479738393826,1177833442602,2889767438252,7215511699706,18579932340265,
509,5520,24433,62598,134520,277498,525924,1048140,3211768,12191187,43073316,137642635,395091010,1012575504,2420000080,5616854272,13106989869,31748227299,78695713130,197569002689,495096848026,1219978875305,2968902475464,7226771326999,17902499744031,
520,5498,24318,62970,133626,277680,520907,1051111,3114184,11158391,38631392,120798728,343022136,878157208,2099697042,4880682607,11395605979,27585836029,68014796460,169320385475,420580765196,1026284467184,2468928765588,5916138123980,14380278874934,
580,5488,23917,63954,132870,274407,532644,1105090,3418449,12843491,45013612,139967588,395504272,1012710817,2424569228,5668477282,13404308344,32896723073,82003836790,205417122766,512702650095,1261938008848,3086199223039,7619987457941,19341783466366,
601,5576,23783,65600,132378,266664,556734,1141477,3509227,13364782,46613799,146751349,418633784,1095462995,2643602428,6183309476,14686357623,36135393965,89045809026,221733781091,550757228759,1346919734492,3255173062420,7901367968820,19530623892780,
590,5522,23978,64558,133389,269089,546670,1135054,3627262,13432367,46397036,145122585,408899241,1042941481,2478507312,5758160951,13582394580,33309750514,82668221465,207178634788,516876939938,1265486026886,3060293490551,7455090436365,18558832848492,
541,5580,23906,63600,135672,268385,527227,1065920,3264164,12188185,42648751,133699369,374841903,955109039,2287166736,5326692390,12623266922,31082161778,77603902375,193965300157,481520115114,1174645621331,2831583637014,6857363454207,16935502354137,
526,5406,24545,63094,134335,274252,524423,1067288,3297213,12056397,41934004,131343866,370798742,946110592,2252982288,5251129560,12387510252,30194415156,75145228578,188367286513,469654124336,1153534739285,2803559966236,6835349098255,16960287054672,
617,5518,23966,64696,133068,267314,552002,1146844,3650808,13724114,47993311,149817983,422447806,1090067957,2611051420,6078962321,14456420390,35836315608,89519501425,225489504335,565936283537,1395544625141,3400647769665,8321714134180,20772152022913,
531,5630,24024,64792,133628,265944,539070,1106645,3368433,12926638,45177771,142409987,403380791,1040526654,2483087342,5755788842,13586907242,33524610462,83511843642,210292087824,526904076454,1298684576324,3157668787537,7707365369402,19189900266502,
497,5438,24576,62824,134752,275326,524269,1063609,3281353,12169272,42460617,133175585,375362853,952951761,2263690481,5261191951,12408269765,30361642409,75909811015,190842878025,475248520971,1162492668302,2803550034194,6758973390935,16591858106064,
572,5560,23970,65046,133007,265745,546884,1135147,3552828,13305696,45417594,142449013,401022508,1033548690,2485591374,5804516058,13793068660,33874322367,83323216812,206441866148,510338340109,1244475603813,3007972016929,7324962913798,18128714166224,
609,5427,24050,64001,134062,270701,542666,1134019,3652065,13986963,49495186,155698402,441307655,1131683864,2701750386,6309732836,14976337484,36846304351,92720509162,234865390321,591585807860,1467660361881,3607754267652,8946777453896,22731716174278,
552,5417,24310,63419,134264,274083,532564,1085428,3369390,12424510,43758816,139322454,400481384,1039138366,2492300535,5779396733,13516835022,32606454265,80326976978,200523124704,502008817890,1244525426917,3068523894239,7646051721712,19522011050340,
577,5525,23982,63947,133477,272721,542851,1159878,3865800,14709077,51455793,160964674,451932367,1153658889,2742607334,6407665321,15261988127,37457502576,93926462303,237688679112,598087521998,1485421840463,3668440368016,9159466981922,23486085287276,
532,5490,24291,62748,134474,277256,529634,1097475,3477856,13336748,47234584,150300076,431562988,1114632368,2677495455,6241402586,14698118777,35845578826,89142350953,224467678304,564663020691,1401242430754,3452806820023,8561266107803,21716779888386,
