4,5,6,7,8,9,10,11,12,13,14,15,16,17,
432,576,1847,28030,97037,258951,1275169,4454806,18207565,84949096,294676824,708337320,2212830037,18838478483,
432,576,1847,28066,97007,259260,1275097,4454100,18233225,85162610,295199279,708853650,2219568513,18947146422,
432,576,1844,27976,97148,258855,1275210,4435887,18109685,84861693,294947521,706669630,2178080050,18605181616,
432,576,1847,27955,97193,258837,1274935,4437586,18114009,84841941,294963026,706957821,2180086873,18610691820,
432,576,1859,27994,97058,259653,1272443,4464396,18254099,85014683,294867708,710174158,2233388139,18990897387,
432,576,1853,28003,97157,258615,1276530,4446719,18184400,84947588,294683583,707573587,2203122426,18779185028,
432,576,1847,27967,97187,258783,1275547,4437075,18115463,84871511,294946667,706959681,2181647208,18627463939,
432,576,1853,28021,96983,259908,1271862,4461793,18250117,85068697,295046860,709828471,2230155110,18996038601,
432,576,1862,28042,97055,259155,1275537,4466042,18296939,85155803,294810530,710196557,2245212266,19088107910,
432,576,1865,28021,97007,259791,1272685,4478952,18330190,85133939,294963157,712458012,2262443839,19189469335,
